000000 0.3333 0.3326 0.3341
000010 0.3349 0.3428 0.3223
000020 0.3432 0.3909 0.2659
000030 0.3634 0.4781 0.1585
000040 0.3975 0.5449 0.0576
000050 0.4512 0.5341 0.0148
000060 0.5210 0.4736 0.0054
000070 0.6019 0.3938 0.0043
000080 0.6856 0.3100 0.0044
000090 0.7658 0.2291 0.0051
000100 0.8384 0.1558 0.0058
000110 0.8940 0.0999 0.0061
000120 0.9331 0.0606 0.0063
000130 0.9581 0.0353 0.0066
000140 0.9712 0.0215 0.0073
000150 0.9775 0.0149 0.0077
000160 0.9784 0.0133 0.0083
000170 0.9786 0.0127 0.0087
000180 0.9778 0.0120 0.0102
000190 0.9765 0.0117 0.0118
000200 0.9740 0.0118 0.0142
000210 0.9708 0.0127 0.0165
000220 0.9672 0.0146 0.0183
000230 0.9633 0.0173 0.0195
000240 0.9595 0.0215 0.0190
000250 0.9562 0.0247 0.0191
000260 0.9539 0.0280 0.0180
000270 0.9530 0.0297 0.0173
000280 0.9523 0.0303 0.0174
000290 0.9526 0.0301 0.0173
000300 0.9528 0.0295 0.0177
000310 0.9532 0.0293 0.0175
000320 0.9538 0.0289 0.0173
000330 0.9539 0.0286 0.0175
000340 0.9542 0.0280 0.0178
000350 0.9547 0.0275 0.0178
000360 0.9544 0.0287 0.0169
000370 0.9555 0.0277 0.0169
000380 0.9560 0.0272 0.0169
000390 0.9553 0.0274 0.0173
000400 0.9553 0.0275 0.0172
000410 0.9546 0.0279 0.0175
000420 0.9541 0.0279 0.0181
000430 0.9535 0.0292 0.0173
000440 0.9540 0.0287 0.0174
000450 0.9534 0.0289 0.0176
000460 0.9529 0.0287 0.0184
000470 0.9517 0.0287 0.0196
000480 0.9505 0.0287 0.0208
000490 0.9497 0.0299 0.0204
000500 0.9497 0.0304 0.0199
000510 0.9509 0.0303 0.0187
000520 0.9519 0.0296 0.0184
000530 0.9529 0.0294 0.0177
000540 0.9526 0.0301 0.0174
000550 0.9529 0.0300 0.0171
000560 0.9533 0.0283 0.0183
000570 0.9532 0.0267 0.0201
000580 0.9519 0.0263 0.0217
000590 0.9501 0.0280 0.0220
000600 0.9480 0.0311 0.0209
000610 0.9463 0.0339 0.0197
000620 0.9459 0.0353 0.0188
000630 0.9465 0.0350 0.0185
000640 0.9488 0.0332 0.0181
000650 0.9501 0.0321 0.0177
000660 0.9521 0.0299 0.0180
000670 0.9540 0.0278 0.0182
000680 0.9544 0.0271 0.0185
000690 0.9537 0.0275 0.0188
000700 0.9537 0.0280 0.0183
000710 0.9526 0.0290 0.0184
000720 0.9523 0.0287 0.0190
000730 0.9520 0.0291 0.0189
000740 0.9520 0.0299 0.0181
000750 0.9522 0.0302 0.0176
000760 0.9522 0.0306 0.0173
000770 0.9514 0.0310 0.0176
000780 0.9513 0.0304 0.0183
000790 0.9512 0.0296 0.0191
000800 0.9510 0.0286 0.0204
000810 0.9508 0.0273 0.0218
000820 0.9492 0.0282 0.0226
000830 0.9469 0.0315 0.0216
000840 0.9449 0.0341 0.0209
000850 0.9437 0.0357 0.0206
000860 0.9434 0.0358 0.0208
000870 0.9431 0.0351 0.0218
000880 0.9438 0.0346 0.0217
000890 0.9444 0.0330 0.0227
000900 0.9446 0.0325 0.0229
000910 0.9434 0.0336 0.0230
000920 0.9421 0.0351 0.0228
000930 0.9415 0.0373 0.0212
000940 0.9423 0.0378 0.0199
000950 0.9447 0.0360 0.0192
000960 0.9467 0.0343 0.0190
000970 0.9484 0.0328 0.0188
000980 0.9494 0.0321 0.0186
000990 0.9504 0.0312 0.0185
001000 0.9509 0.0311 0.0180
001010 0.9519 0.0312 0.0169
001020 0.9527 0.0306 0.0167
001030 0.9533 0.0305 0.0162
001040 0.9542 0.0296 0.0162
001050 0.9552 0.0286 0.0162
001060 0.9560 0.0276 0.0165
001070 0.9563 0.0262 0.0175
001080 0.9572 0.0248 0.0181
001090 0.9578 0.0244 0.0178
001100 0.9579 0.0243 0.0178
001110 0.9570 0.0244 0.0186
001120 0.9556 0.0254 0.0190
001130 0.9543 0.0268 0.0190
001140 0.9533 0.0280 0.0188
001150 0.9518 0.0298 0.0184
001160 0.9514 0.0320 0.0166
001170 0.9519 0.0321 0.0161
001180 0.9526 0.0312 0.0161
001190 0.9541 0.0295 0.0163
001200 0.9549 0.0278 0.0172
001210 0.9558 0.0263 0.0179
001220 0.9562 0.0250 0.0188
001230 0.9557 0.0256 0.0186
001240 0.9554 0.0261 0.0185
001250 0.9541 0.0268 0.0191
001260 0.9544 0.0263 0.0192
001270 0.9532 0.0270 0.0197
001280 0.9527 0.0278 0.0195
001290 0.9522 0.0286 0.0192
001300 0.9523 0.0294 0.0183
001310 0.9529 0.0304 0.0167
001320 0.9539 0.0307 0.0154
001330 0.9555 0.0294 0.0151
001340 0.9574 0.0282 0.0145
001350 0.9591 0.0262 0.0146
001360 0.9600 0.0239 0.0160
001370 0.9595 0.0230 0.0175
001380 0.9587 0.0224 0.0189
001390 0.9572 0.0230 0.0199
001400 0.9551 0.0240 0.0209
001410 0.9536 0.0249 0.0214
001420 0.9516 0.0263 0.0221
001430 0.9495 0.0280 0.0225
001440 0.9486 0.0295 0.0219
001450 0.9473 0.0306 0.0220
001460 0.9472 0.0314 0.0214
001470 0.9468 0.0326 0.0206
001480 0.9459 0.0340 0.0202
001490 0.9461 0.0336 0.0203
001500 0.9461 0.0335 0.0204
001510 0.9464 0.0338 0.0198
001520 0.9473 0.0333 0.0194
001530 0.9492 0.0322 0.0186
001540 0.9501 0.0309 0.0190
001550 0.9516 0.0290 0.0194
001560 0.9521 0.0287 0.0192
001570 0.9519 0.0291 0.0191
001580 0.9513 0.0295 0.0193
001590 0.9503 0.0305 0.0193
001600 0.9501 0.0305 0.0194
001610 0.9491 0.0311 0.0197
001620 0.9495 0.0312 0.0194
001630 0.9502 0.0301 0.0197
001640 0.9513 0.0296 0.0191
001650 0.9525 0.0289 0.0185
001660 0.9545 0.0280 0.0175
001670 0.9544 0.0292 0.0165
001680 0.9544 0.0294 0.0163
001690 0.9547 0.0292 0.0160
001700 0.9542 0.0290 0.0167
001710 0.9545 0.0280 0.0174
001720 0.9539 0.0273 0.0188
001730 0.9534 0.0266 0.0200
001740 0.9524 0.0265 0.0211
001750 0.9504 0.0277 0.0219
001760 0.9491 0.0295 0.0214
001770 0.9479 0.0317 0.0204
001780 0.9478 0.0323 0.0199
001790 0.9476 0.0331 0.0193
001800 0.9485 0.0326 0.0189
001810 0.9487 0.0327 0.0186
001820 0.9492 0.0331 0.0177
001830 0.9508 0.0325 0.0167
001840 0.9522 0.0318 0.0161
001850 0.9543 0.0302 0.0155
001860 0.9565 0.0275 0.0160
001870 0.9571 0.0265 0.0164
001880 0.9578 0.0255 0.0167
001890 0.9583 0.0251 0.0166
001900 0.9588 0.0255 0.0157
001910 0.9591 0.0259 0.0150
001920 0.9598 0.0260 0.0142
001930 0.9595 0.0268 0.0137
001940 0.9609 0.0256 0.0135
001950 0.9616 0.0240 0.0143
001960 0.9616 0.0227 0.0158
001970 0.9606 0.0225 0.0169
001980 0.9589 0.0230 0.0181
001990 0.9569 0.0234 0.0197
002000 0.9544 0.0245 0.0211
002010 0.9527 0.0258 0.0215
002020 0.9509 0.0273 0.0217
002030 0.9494 0.0289 0.0217
002040 0.9476 0.0307 0.0217
002050 0.9469 0.0320 0.0212
002060 0.9460 0.0332 0.0208
002070 0.9460 0.0341 0.0199
002080 0.9458 0.0338 0.0204
002090 0.9460 0.0327 0.0213
002100 0.9456 0.0316 0.0228
002110 0.9450 0.0311 0.0239
002120 0.9441 0.0323 0.0236
002130 0.9432 0.0341 0.0228
002140 0.9430 0.0362 0.0208
002150 0.9434 0.0363 0.0204
002160 0.9438 0.0360 0.0202
002170 0.9447 0.0356 0.0197
002180 0.9459 0.0354 0.0187
002190 0.9478 0.0338 0.0184
002200 0.9486 0.0328 0.0186
002210 0.9491 0.0320 0.0189
002220 0.9503 0.0303 0.0194
002230 0.9508 0.0296 0.0196
002240 0.9509 0.0301 0.0190
002250 0.9508 0.0313 0.0179
002260 0.9517 0.0319 0.0164
002270 0.9529 0.0317 0.0154
002280 0.9545 0.0307 0.0148
002290 0.9564 0.0285 0.0151
002300 0.9581 0.0262 0.0157
002310 0.9589 0.0249 0.0162
002320 0.9597 0.0243 0.0161
002330 0.9598 0.0243 0.0159
002340 0.9600 0.0242 0.0158
002350 0.9599 0.0243 0.0158
002360 0.9597 0.0251 0.0152
002370 0.9594 0.0250 0.0157
002380 0.9593 0.0241 0.0166
002390 0.9594 0.0230 0.0176
002400 0.9579 0.0230 0.0190
002410 0.9562 0.0235 0.0203
002420 0.9540 0.0248 0.0212
002430 0.9512 0.0264 0.0223
002440 0.9483 0.0287 0.0231
002450 0.9459 0.0307 0.0234
002460 0.9443 0.0325 0.0232
002470 0.9427 0.0343 0.0230
002480 0.9418 0.0355 0.0227
002490 0.9404 0.0364 0.0231
002500 0.9392 0.0367 0.0241
002510 0.9380 0.0364 0.0257
002520 0.9371 0.0365 0.0265
002530 0.9359 0.0377 0.0264
002540 0.9361 0.0384 0.0255
002550 0.9360 0.0392 0.0248
002560 0.9372 0.0398 0.0230
002570 0.9389 0.0396 0.0215
002580 0.9401 0.0392 0.0207
002590 0.9419 0.0378 0.0203
002600 0.9433 0.0366 0.0202
002610 0.9453 0.0357 0.0190
002620 0.9475 0.0346 0.0180
002630 0.9491 0.0335 0.0174
002640 0.9507 0.0322 0.0170
002650 0.9523 0.0301 0.0176
002660 0.9534 0.0281 0.0185
002670 0.9538 0.0276 0.0187
002680 0.9538 0.0281 0.0181
002690 0.9543 0.0280 0.0178
002700 0.9537 0.0282 0.0182
002710 0.9530 0.0280 0.0189
002720 0.9513 0.0275 0.0211
002730 0.9502 0.0275 0.0223
002740 0.9479 0.0291 0.0230
002750 0.9458 0.0316 0.0226
002760 0.9443 0.0346 0.0211
002770 0.9434 0.0369 0.0197
002780 0.9442 0.0377 0.0181
002790 0.9457 0.0366 0.0177
002800 0.9479 0.0342 0.0179
002810 0.9499 0.0315 0.0185
002820 0.9512 0.0286 0.0201
002830 0.9516 0.0271 0.0213
002840 0.9508 0.0273 0.0219
002850 0.9497 0.0282 0.0221
002860 0.9483 0.0303 0.0214
002870 0.9473 0.0321 0.0206
002880 0.9476 0.0333 0.0191
002890 0.9481 0.0340 0.0179
002900 0.9493 0.0336 0.0172
002910 0.9515 0.0316 0.0168
002920 0.9535 0.0298 0.0166
002930 0.9543 0.0286 0.0170
002940 0.9551 0.0269 0.0181
002950 0.9541 0.0261 0.0199
002960 0.9532 0.0255 0.0212
002970 0.9520 0.0262 0.0218
002980 0.9508 0.0272 0.0221
002990 0.9489 0.0290 0.0221
003000 0.9470 0.0305 0.0225
003010 0.9451 0.0324 0.0225
003020 0.9448 0.0337 0.0215
003030 0.9443 0.0351 0.0206
003040 0.9444 0.0359 0.0196
003050 0.9453 0.0358 0.0188
003060 0.9469 0.0345 0.0186
003070 0.9484 0.0329 0.0187
003080 0.9499 0.0315 0.0186
003090 0.9509 0.0304 0.0188
003100 0.9515 0.0291 0.0194
003110 0.9512 0.0286 0.0202
003120 0.9501 0.0295 0.0204
003130 0.9497 0.0299 0.0204
003140 0.9496 0.0307 0.0197
003150 0.9486 0.0313 0.0201
003160 0.9485 0.0315 0.0201
003170 0.9484 0.0329 0.0187
003180 0.9475 0.0341 0.0184
003190 0.9483 0.0339 0.0178
003200 0.9503 0.0330 0.0166
003210 0.9527 0.0304 0.0169
003220 0.9543 0.0278 0.0179
003230 0.9542 0.0268 0.0190
003240 0.9546 0.0266 0.0188
003250 0.9539 0.0272 0.0190
003260 0.9537 0.0276 0.0187
003270 0.9529 0.0288 0.0183
003280 0.9523 0.0289 0.0188
003290 0.9515 0.0290 0.0195
003300 0.9508 0.0299 0.0193
003310 0.9495 0.0318 0.0187
003320 0.9494 0.0321 0.0185
003330 0.9500 0.0320 0.0180
003340 0.9515 0.0314 0.0171
003350 0.9534 0.0303 0.0163
003360 0.9547 0.0296 0.0158
003370 0.9553 0.0285 0.0162
003380 0.9556 0.0272 0.0173
003390 0.9560 0.0252 0.0188
003400 0.9552 0.0243 0.0205
003410 0.9545 0.0232 0.0223
003420 0.9522 0.0236 0.0242
003430 0.9489 0.0257 0.0254
003440 0.9454 0.0284 0.0261
003450 0.9417 0.0322 0.0261
003460 0.9392 0.0366 0.0242
003470 0.9383 0.0402 0.0215
003480 0.9382 0.0419 0.0199
003490 0.9402 0.0403 0.0195
003500 0.9431 0.0374 0.0194
003510 0.9458 0.0340 0.0203
003520 0.9471 0.0323 0.0206
003530 0.9488 0.0306 0.0207
003540 0.9490 0.0302 0.0208
003550 0.9484 0.0312 0.0204
003560 0.9468 0.0324 0.0208
003570 0.9465 0.0325 0.0210
003580 0.9463 0.0326 0.0211
003590 0.9461 0.0335 0.0204
003600 0.9466 0.0339 0.0195
003610 0.9470 0.0331 0.0198
003620 0.9474 0.0333 0.0193
003630 0.9482 0.0329 0.0189
003640 0.9479 0.0326 0.0195
003650 0.9490 0.0313 0.0197
003660 0.9500 0.0303 0.0197
003670 0.9508 0.0306 0.0186
003680 0.9520 0.0306 0.0174
003690 0.9528 0.0307 0.0164
003700 0.9541 0.0307 0.0152
003710 0.9547 0.0304 0.0149
003720 0.9554 0.0291 0.0155
003730 0.9570 0.0267 0.0162
003740 0.9576 0.0252 0.0172
003750 0.9577 0.0243 0.0180
003760 0.9563 0.0245 0.0192
003770 0.9548 0.0258 0.0194
003780 0.9532 0.0275 0.0194
003790 0.9518 0.0283 0.0200
003800 0.9498 0.0297 0.0205
003810 0.9492 0.0310 0.0198
003820 0.9489 0.0316 0.0196
003830 0.9489 0.0313 0.0197
003840 0.9501 0.0301 0.0197
003850 0.9508 0.0297 0.0195
003860 0.9513 0.0305 0.0182
003870 0.9521 0.0298 0.0181
003880 0.9533 0.0291 0.0176
003890 0.9537 0.0285 0.0178
003900 0.9538 0.0288 0.0174
003910 0.9544 0.0284 0.0172
003920 0.9554 0.0284 0.0162
003930 0.9557 0.0288 0.0155
003940 0.9563 0.0284 0.0153
003950 0.9569 0.0267 0.0164
003960 0.9576 0.0252 0.0172
003970 0.9574 0.0252 0.0174
003980 0.9576 0.0255 0.0169
003990 0.9571 0.0263 0.0166
004000 0.9568 0.0264 0.0168
004010 0.9567 0.0262 0.0172
004020 0.9557 0.0268 0.0175
004030 0.9547 0.0277 0.0177
004040 0.9542 0.0282 0.0175
004050 0.9550 0.0282 0.0168
004060 0.9555 0.0280 0.0166
004070 0.9553 0.0281 0.0166
004080 0.9547 0.0285 0.0168
004090 0.9550 0.0274 0.0176
004100 0.9552 0.0256 0.0192
004110 0.9545 0.0249 0.0206
004120 0.9527 0.0262 0.0211
004130 0.9503 0.0287 0.0209
004140 0.9477 0.0311 0.0212
004150 0.9457 0.0316 0.0226
004160 0.9441 0.0318 0.0241
004170 0.9426 0.0332 0.0242
004180 0.9416 0.0351 0.0234
004190 0.9417 0.0351 0.0231
004200 0.9420 0.0349 0.0231
004210 0.9419 0.0355 0.0226
004220 0.9423 0.0358 0.0219
004230 0.9423 0.0368 0.0210
004240 0.9424 0.0379 0.0198
004250 0.9435 0.0372 0.0193
004260 0.9454 0.0357 0.0189
004270 0.9475 0.0341 0.0184
004280 0.9486 0.0325 0.0189
004290 0.9491 0.0322 0.0187
004300 0.9496 0.0325 0.0179
004310 0.9517 0.0316 0.0166
004320 0.9535 0.0305 0.0160
004330 0.9557 0.0289 0.0154
004340 0.9573 0.0263 0.0164
004350 0.9581 0.0242 0.0178
004360 0.9573 0.0236 0.0191
004370 0.9563 0.0238 0.0199
004380 0.9555 0.0244 0.0201
004390 0.9537 0.0273 0.0190
004400 0.9532 0.0294 0.0175
004410 0.9527 0.0313 0.0160
004420 0.9538 0.0313 0.0149
004430 0.9553 0.0306 0.0140
004440 0.9583 0.0276 0.0140
004450 0.9599 0.0245 0.0155
004460 0.9609 0.0228 0.0163
004470 0.9606 0.0217 0.0177
004480 0.9591 0.0226 0.0182
004490 0.9575 0.0232 0.0192
004500 0.9551 0.0243 0.0206
004510 0.9523 0.0263 0.0214
004520 0.9495 0.0285 0.0220
004530 0.9464 0.0304 0.0232
004540 0.9448 0.0322 0.0229
004550 0.9435 0.0340 0.0224
004560 0.9421 0.0355 0.0224
004570 0.9416 0.0362 0.0222
004580 0.9417 0.0362 0.0221
004590 0.9421 0.0357 0.0222
004600 0.9435 0.0348 0.0217
004610 0.9445 0.0343 0.0213
004620 0.9457 0.0337 0.0206
004630 0.9457 0.0333 0.0210
004640 0.9458 0.0322 0.0220
004650 0.9451 0.0322 0.0228
004660 0.9447 0.0327 0.0226
004670 0.9447 0.0328 0.0225
004680 0.9443 0.0330 0.0227
004690 0.9444 0.0330 0.0227
004700 0.9448 0.0330 0.0222
004710 0.9437 0.0342 0.0220
004720 0.9431 0.0353 0.0216
004730 0.9433 0.0367 0.0200
004740 0.9444 0.0365 0.0191
004750 0.9461 0.0359 0.0180
004760 0.9490 0.0344 0.0165
004770 0.9517 0.0322 0.0161
004780 0.9538 0.0298 0.0163
004790 0.9552 0.0278 0.0171
004800 0.9559 0.0259 0.0182
004810 0.9553 0.0249 0.0198
004820 0.9530 0.0259 0.0210
004830 0.9515 0.0269 0.0216
004840 0.9497 0.0286 0.0217
004850 0.9487 0.0309 0.0204
004860 0.9485 0.0328 0.0187
004870 0.9492 0.0338 0.0170
004880 0.9509 0.0331 0.0160
004890 0.9533 0.0315 0.0152
004900 0.9546 0.0305 0.0149
004910 0.9567 0.0286 0.0147
004920 0.9584 0.0265 0.0151
004930 0.9598 0.0246 0.0156
004940 0.9605 0.0227 0.0167
004950 0.9599 0.0220 0.0180
004960 0.9582 0.0225 0.0194
004970 0.9558 0.0234 0.0208
004980 0.9535 0.0241 0.0224
004990 0.9502 0.0260 0.0238
005000 0.9461 0.0288 0.0251
005010 0.9421 0.0328 0.0251
005020 0.9392 0.0359 0.0249
005030 0.9368 0.0386 0.0247
005040 0.9355 0.0399 0.0246
005050 0.9354 0.0391 0.0255
005060 0.9347 0.0393 0.0260
005070 0.9339 0.0396 0.0265
005080 0.9340 0.0403 0.0257
005090 0.9344 0.0414 0.0242
005100 0.9358 0.0420 0.0222
005110 0.9373 0.0423 0.0204
005120 0.9399 0.0410 0.0192
005130 0.9429 0.0385 0.0186
005140 0.9457 0.0362 0.0181
005150 0.9486 0.0336 0.0178
005160 0.9507 0.0317 0.0176
005170 0.9522 0.0292 0.0186
005180 0.9531 0.0284 0.0185
005190 0.9533 0.0288 0.0179
005200 0.9539 0.0288 0.0173
005210 0.9543 0.0292 0.0165
005220 0.9550 0.0286 0.0164
005230 0.9563 0.0270 0.0167
005240 0.9572 0.0259 0.0168
005250 0.9573 0.0253 0.0173
005260 0.9578 0.0244 0.0178
005270 0.9581 0.0243 0.0176
005280 0.9575 0.0256 0.0169
005290 0.9572 0.0271 0.0157
005300 0.9573 0.0275 0.0151
005310 0.9572 0.0273 0.0155
005320 0.9568 0.0272 0.0160
005330 0.9557 0.0273 0.0170
005340 0.9550 0.0266 0.0184
005350 0.9537 0.0267 0.0196
005360 0.9525 0.0274 0.0200
005370 0.9515 0.0284 0.0201
005380 0.9497 0.0306 0.0197
005390 0.9488 0.0318 0.0193
005400 0.9490 0.0318 0.0192
005410 0.9497 0.0310 0.0193
005420 0.9505 0.0299 0.0196
005430 0.9503 0.0296 0.0200
005440 0.9499 0.0297 0.0204
005450 0.9498 0.0294 0.0208
005460 0.9492 0.0300 0.0207
005470 0.9492 0.0311 0.0197
005480 0.9496 0.0312 0.0193
005490 0.9488 0.0319 0.0193
005500 0.9494 0.0320 0.0186
005510 0.9507 0.0311 0.0182
005520 0.9520 0.0291 0.0188
005530 0.9527 0.0280 0.0193
005540 0.9521 0.0279 0.0200
005550 0.9522 0.0275 0.0204
005560 0.9505 0.0291 0.0204
005570 0.9489 0.0303 0.0208
005580 0.9476 0.0316 0.0209
005590 0.9475 0.0319 0.0206
005600 0.9469 0.0329 0.0202
005610 0.9461 0.0345 0.0195
005620 0.9469 0.0343 0.0189
005630 0.9482 0.0331 0.0187
005640 0.9489 0.0336 0.0175
005650 0.9499 0.0332 0.0169
005660 0.9515 0.0321 0.0164
005670 0.9538 0.0298 0.0164
005680 0.9548 0.0287 0.0165
005690 0.9561 0.0281 0.0158
005700 0.9580 0.0269 0.0151
005710 0.9590 0.0260 0.0150
005720 0.9600 0.0258 0.0142
005730 0.9616 0.0247 0.0138
005740 0.9619 0.0243 0.0137
005750 0.9626 0.0234 0.0140
005760 0.9632 0.0226 0.0142
005770 0.9640 0.0216 0.0145
005780 0.9641 0.0208 0.0151
005790 0.9636 0.0206 0.0158
005800 0.9628 0.0207 0.0164
005810 0.9611 0.0220 0.0169
005820 0.9600 0.0231 0.0169
005830 0.9582 0.0247 0.0171
005840 0.9564 0.0262 0.0174
005850 0.9558 0.0270 0.0172
005860 0.9554 0.0279 0.0167
005870 0.9554 0.0280 0.0166
005880 0.9564 0.0266 0.0170
005890 0.9568 0.0268 0.0164
005900 0.9575 0.0266 0.0160
005910 0.9568 0.0269 0.0163
005920 0.9570 0.0261 0.0169
005930 0.9569 0.0256 0.0175
005940 0.9570 0.0247 0.0183
005950 0.9561 0.0255 0.0184
005960 0.9556 0.0255 0.0189
005970 0.9542 0.0259 0.0199
005980 0.9525 0.0270 0.0205
005990 0.9501 0.0278 0.0220
006000 0.9484 0.0282 0.0235
006010 0.9468 0.0293 0.0239
006020 0.9452 0.0312 0.0236
006030 0.9440 0.0339 0.0221
006040 0.9438 0.0356 0.0207
006050 0.9447 0.0358 0.0195
006060 0.9453 0.0354 0.0193
006070 0.9462 0.0343 0.0196
006080 0.9477 0.0324 0.0199
006090 0.9482 0.0319 0.0198
006100 0.9497 0.0313 0.0190
006110 0.9501 0.0307 0.0192
006120 0.9517 0.0293 0.0190
006130 0.9524 0.0288 0.0187
006140 0.9527 0.0285 0.0188
006150 0.9524 0.0292 0.0184
006160 0.9520 0.0297 0.0183
006170 0.9521 0.0298 0.0181
006180 0.9518 0.0303 0.0179
006190 0.9521 0.0297 0.0182
006200 0.9519 0.0296 0.0185
006210 0.9522 0.0295 0.0183
006220 0.9514 0.0298 0.0188
006230 0.9520 0.0296 0.0184
006240 0.9528 0.0291 0.0180
006250 0.9540 0.0290 0.0171
006260 0.9552 0.0279 0.0169
006270 0.9565 0.0270 0.0165
006280 0.9582 0.0262 0.0156
006290 0.9599 0.0255 0.0145
006300 0.9609 0.0246 0.0145
006310 0.9605 0.0245 0.0150
006320 0.9606 0.0248 0.0147
006330 0.9603 0.0245 0.0151
006340 0.9594 0.0247 0.0159
006350 0.9594 0.0239 0.0167
006360 0.9589 0.0241 0.0170
006370 0.9585 0.0235 0.0181
006380 0.9576 0.0231 0.0194
006390 0.9555 0.0235 0.0210
006400 0.9526 0.0258 0.0216
006410 0.9500 0.0283 0.0217
006420 0.9478 0.0311 0.0211
006430 0.9476 0.0316 0.0207
006440 0.9475 0.0321 0.0204
006450 0.9470 0.0328 0.0202
006460 0.9468 0.0334 0.0198
006470 0.9474 0.0329 0.0197
006480 0.9482 0.0318 0.0200
006490 0.9485 0.0310 0.0205
006500 0.9485 0.0310 0.0205
006510 0.9487 0.0311 0.0203
006520 0.9490 0.0310 0.0201
006530 0.9488 0.0314 0.0199
006540 0.9488 0.0317 0.0195
006550 0.9492 0.0331 0.0177
006560 0.9496 0.0336 0.0168
006570 0.9504 0.0341 0.0155
006580 0.9528 0.0328 0.0144
006590 0.9543 0.0312 0.0145
006600 0.9562 0.0287 0.0151
006610 0.9580 0.0255 0.0165
006620 0.9588 0.0226 0.0187
006630 0.9580 0.0213 0.0207
006640 0.9556 0.0225 0.0219
006650 0.9531 0.0256 0.0213
006660 0.9507 0.0292 0.0201
006670 0.9490 0.0314 0.0197
006680 0.9482 0.0326 0.0192
006690 0.9477 0.0329 0.0194
006700 0.9479 0.0321 0.0201
006710 0.9483 0.0308 0.0209
006720 0.9483 0.0300 0.0217
006730 0.9475 0.0310 0.0215
006740 0.9471 0.0324 0.0205
006750 0.9468 0.0328 0.0204
006760 0.9474 0.0333 0.0193
006770 0.9481 0.0332 0.0187
006780 0.9490 0.0313 0.0197
006790 0.9494 0.0299 0.0208
006800 0.9496 0.0297 0.0207
006810 0.9492 0.0295 0.0213
006820 0.9480 0.0301 0.0219
006830 0.9466 0.0310 0.0224
006840 0.9449 0.0323 0.0228
006850 0.9434 0.0338 0.0228
006860 0.9427 0.0342 0.0231
006870 0.9415 0.0343 0.0242
006880 0.9411 0.0350 0.0239
006890 0.9419 0.0351 0.0231
006900 0.9417 0.0362 0.0221
006910 0.9426 0.0374 0.0200
006920 0.9438 0.0384 0.0178
006930 0.9457 0.0380 0.0163
006940 0.9483 0.0359 0.0158
006950 0.9519 0.0317 0.0163
006960 0.9547 0.0282 0.0172
006970 0.9561 0.0261 0.0178
006980 0.9561 0.0247 0.0192
006990 0.9551 0.0250 0.0198
007000 0.9541 0.0269 0.0190
007010 0.9530 0.0285 0.0185
007020 0.9531 0.0293 0.0176
007030 0.9537 0.0288 0.0175
007040 0.9544 0.0282 0.0174
007050 0.9551 0.0275 0.0173
007060 0.9555 0.0272 0.0173
007070 0.9542 0.0272 0.0186
007080 0.9531 0.0280 0.0190
007090 0.9531 0.0274 0.0195
007100 0.9519 0.0280 0.0201
007110 0.9510 0.0290 0.0200
007120 0.9503 0.0302 0.0195
007130 0.9502 0.0309 0.0189
007140 0.9501 0.0312 0.0188
007150 0.9505 0.0309 0.0186
007160 0.9506 0.0302 0.0192
007170 0.9502 0.0293 0.0205
007180 0.9497 0.0290 0.0213
007190 0.9492 0.0296 0.0213
007200 0.9483 0.0305 0.0212
007210 0.9477 0.0319 0.0204
007220 0.9473 0.0324 0.0203
007230 0.9481 0.0317 0.0203
007240 0.9483 0.0322 0.0196
007250 0.9493 0.0321 0.0186
007260 0.9500 0.0324 0.0177
007270 0.9506 0.0312 0.0182
007280 0.9510 0.0307 0.0183
007290 0.9523 0.0299 0.0178
007300 0.9539 0.0290 0.0171
007310 0.9543 0.0294 0.0164
007320 0.9542 0.0298 0.0160
007330 0.9556 0.0289 0.0155
007340 0.9570 0.0267 0.0163
007350 0.9572 0.0249 0.0179
007360 0.9570 0.0236 0.0194
007370 0.9557 0.0240 0.0203
007380 0.9532 0.0255 0.0214
007390 0.9510 0.0277 0.0213
007400 0.9497 0.0297 0.0206
007410 0.9485 0.0307 0.0208
007420 0.9478 0.0313 0.0209
007430 0.9473 0.0321 0.0207
007440 0.9461 0.0331 0.0207
007450 0.9449 0.0339 0.0212
007460 0.9447 0.0338 0.0215
007470 0.9452 0.0332 0.0216
007480 0.9460 0.0330 0.0210
007490 0.9464 0.0333 0.0203
007500 0.9477 0.0338 0.0185
007510 0.9489 0.0343 0.0168
007520 0.9509 0.0326 0.0165
007530 0.9521 0.0310 0.0169
007540 0.9532 0.0302 0.0166
007550 0.9540 0.0292 0.0168
007560 0.9546 0.0282 0.0172
007570 0.9552 0.0268 0.0180
007580 0.9557 0.0258 0.0184
007590 0.9547 0.0254 0.0199
007600 0.9537 0.0271 0.0192
007610 0.9536 0.0284 0.0180
007620 0.9537 0.0291 0.0173
007630 0.9536 0.0291 0.0173
007640 0.9530 0.0295 0.0175
007650 0.9532 0.0288 0.0180
007660 0.9543 0.0268 0.0189
007670 0.9547 0.0252 0.0201
007680 0.9531 0.0258 0.0211
007690 0.9520 0.0268 0.0213
007700 0.9496 0.0290 0.0214
007710 0.9475 0.0312 0.0214
007720 0.9465 0.0332 0.0203
007730 0.9459 0.0340 0.0201
007740 0.9462 0.0347 0.0191
007750 0.9471 0.0338 0.0191
007760 0.9475 0.0329 0.0197
007770 0.9480 0.0324 0.0196
007780 0.9486 0.0311 0.0203
007790 0.9483 0.0314 0.0203
007800 0.9492 0.0305 0.0203
007810 0.9500 0.0297 0.0203
007820 0.9504 0.0299 0.0197
007830 0.9498 0.0314 0.0188
007840 0.9504 0.0310 0.0185
007850 0.9512 0.0303 0.0185
007860 0.9514 0.0295 0.0191
007870 0.9517 0.0282 0.0201
007880 0.9514 0.0265 0.0221
007890 0.9509 0.0262 0.0229
007900 0.9494 0.0274 0.0232
007910 0.9464 0.0297 0.0239
007920 0.9441 0.0332 0.0227
007930 0.9433 0.0360 0.0208
007940 0.9435 0.0369 0.0197
007950 0.9447 0.0372 0.0181
007960 0.9470 0.0365 0.0165
007970 0.9495 0.0348 0.0157
007980 0.9528 0.0318 0.0154
007990 0.9558 0.0288 0.0154
008000 0.9580 0.0264 0.0157
008010 0.9596 0.0248 0.0156
008020 0.9604 0.0239 0.0158
008030 0.9601 0.0234 0.0165
008040 0.9588 0.0235 0.0177
008050 0.9561 0.0248 0.0191
008060 0.9539 0.0255 0.0206
008070 0.9530 0.0252 0.0219
008080 0.9508 0.0262 0.0230
008090 0.9479 0.0276 0.0244
008100 0.9442 0.0301 0.0257
008110 0.9410 0.0341 0.0249
008120 0.9396 0.0361 0.0243
008130 0.9390 0.0380 0.0230
008140 0.9392 0.0394 0.0214
008150 0.9408 0.0395 0.0197
008160 0.9433 0.0376 0.0190
008170 0.9461 0.0363 0.0176
008180 0.9489 0.0341 0.0170
008190 0.9512 0.0331 0.0157
008200 0.9536 0.0317 0.0148
008210 0.9549 0.0297 0.0154
008220 0.9573 0.0263 0.0164
008230 0.9578 0.0244 0.0179
008240 0.9578 0.0239 0.0182
008250 0.9577 0.0244 0.0178
008260 0.9562 0.0262 0.0175
008270 0.9543 0.0277 0.0180
008280 0.9534 0.0279 0.0187
008290 0.9526 0.0274 0.0200
008300 0.9515 0.0268 0.0217
008310 0.9504 0.0271 0.0225
008320 0.9485 0.0292 0.0223
008330 0.9472 0.0311 0.0217
008340 0.9461 0.0334 0.0205
008350 0.9459 0.0342 0.0199
008360 0.9466 0.0342 0.0193
008370 0.9467 0.0347 0.0186
008380 0.9479 0.0338 0.0182
008390 0.9496 0.0324 0.0180
008400 0.9509 0.0318 0.0173
008410 0.9526 0.0296 0.0178
008420 0.9530 0.0279 0.0191
008430 0.9522 0.0273 0.0204
008440 0.9505 0.0279 0.0216
008450 0.9485 0.0287 0.0228
008460 0.9466 0.0297 0.0236
008470 0.9437 0.0325 0.0238
008480 0.9420 0.0335 0.0245
008490 0.9410 0.0338 0.0253
008500 0.9402 0.0338 0.0260
008510 0.9387 0.0352 0.0261
008520 0.9373 0.0373 0.0254
008530 0.9359 0.0398 0.0244
008540 0.9346 0.0416 0.0238
008550 0.9350 0.0411 0.0238
008560 0.9358 0.0402 0.0240
008570 0.9370 0.0383 0.0247
008580 0.9370 0.0385 0.0245
008590 0.9376 0.0395 0.0229
008600 0.9384 0.0412 0.0204
008610 0.9397 0.0415 0.0188
008620 0.9415 0.0403 0.0182
008630 0.9449 0.0374 0.0177
008640 0.9485 0.0343 0.0173
008650 0.9521 0.0306 0.0173
008660 0.9537 0.0290 0.0173
008670 0.9549 0.0277 0.0174
008680 0.9557 0.0272 0.0171
008690 0.9563 0.0271 0.0166
008700 0.9574 0.0263 0.0163
008710 0.9578 0.0251 0.0171
008720 0.9577 0.0238 0.0185
008730 0.9569 0.0235 0.0196
008740 0.9556 0.0240 0.0204
008750 0.9535 0.0248 0.0217
008760 0.9511 0.0276 0.0213
008770 0.9493 0.0302 0.0206
008780 0.9475 0.0332 0.0193
008790 0.9472 0.0342 0.0187
008800 0.9472 0.0338 0.0190
008810 0.9482 0.0320 0.0198
008820 0.9490 0.0306 0.0204
008830 0.9490 0.0300 0.0210
008840 0.9489 0.0304 0.0208
008850 0.9487 0.0320 0.0193
008860 0.9488 0.0326 0.0186
008870 0.9497 0.0323 0.0181
008880 0.9504 0.0315 0.0181
008890 0.9516 0.0304 0.0180
008900 0.9520 0.0305 0.0175
008910 0.9536 0.0303 0.0161
008920 0.9547 0.0295 0.0158
008930 0.9563 0.0278 0.0159
008940 0.9564 0.0279 0.0158
008950 0.9569 0.0270 0.0161
008960 0.9569 0.0262 0.0170
008970 0.9563 0.0255 0.0182
008980 0.9560 0.0252 0.0189
008990 0.9553 0.0259 0.0189
009000 0.9546 0.0264 0.0190
009010 0.9545 0.0266 0.0188
009020 0.9533 0.0275 0.0192
009030 0.9532 0.0276 0.0192
009040 0.9513 0.0280 0.0207
009050 0.9493 0.0293 0.0214
009060 0.9472 0.0308 0.0220
009070 0.9459 0.0322 0.0219
009080 0.9460 0.0332 0.0209
009090 0.9474 0.0333 0.0193
009100 0.9490 0.0327 0.0183
009110 0.9501 0.0325 0.0175
009120 0.9501 0.0322 0.0177
009130 0.9513 0.0316 0.0171
009140 0.9521 0.0317 0.0162
009150 0.9527 0.0312 0.0161
009160 0.9540 0.0295 0.0164
009170 0.9552 0.0280 0.0168
009180 0.9560 0.0271 0.0169
009190 0.9560 0.0265 0.0175
009200 0.9556 0.0265 0.0179
009210 0.9548 0.0260 0.0191
009220 0.9532 0.0259 0.0209
009230 0.9518 0.0262 0.0220
009240 0.9497 0.0277 0.0226
009250 0.9474 0.0302 0.0224
009260 0.9457 0.0330 0.0213
009270 0.9447 0.0352 0.0201
009280 0.9452 0.0366 0.0182
009290 0.9461 0.0370 0.0168
009300 0.9480 0.0355 0.0165
009310 0.9511 0.0319 0.0169
009320 0.9520 0.0302 0.0177
009330 0.9529 0.0291 0.0180
009340 0.9531 0.0289 0.0181
009350 0.9527 0.0292 0.0180
009360 0.9518 0.0298 0.0184
009370 0.9519 0.0291 0.0190
009380 0.9518 0.0276 0.0206
009390 0.9511 0.0277 0.0211
009400 0.9504 0.0287 0.0208
009410 0.9498 0.0296 0.0206
009420 0.9489 0.0320 0.0191
009430 0.9486 0.0338 0.0176
009440 0.9492 0.0339 0.0169
009450 0.9501 0.0328 0.0171
009460 0.9524 0.0301 0.0175
009470 0.9548 0.0271 0.0181
009480 0.9553 0.0256 0.0191
009490 0.9548 0.0263 0.0189
009500 0.9533 0.0279 0.0188
009510 0.9517 0.0295 0.0188
009520 0.9506 0.0303 0.0191
009530 0.9495 0.0304 0.0201
009540 0.9489 0.0303 0.0208
009550 0.9487 0.0299 0.0214
009560 0.9476 0.0301 0.0223
009570 0.9458 0.0310 0.0231
009580 0.9447 0.0319 0.0234
009590 0.9442 0.0324 0.0235
009600 0.9434 0.0337 0.0229
009610 0.9431 0.0348 0.0221
009620 0.9437 0.0344 0.0219
009630 0.9438 0.0349 0.0213
009640 0.9443 0.0351 0.0206
009650 0.9447 0.0353 0.0200
009660 0.9458 0.0345 0.0197
009670 0.9463 0.0344 0.0193
009680 0.9471 0.0336 0.0193
009690 0.9475 0.0317 0.0208
009700 0.9476 0.0313 0.0211
009710 0.9468 0.0325 0.0207
009720 0.9466 0.0329 0.0204
009730 0.9476 0.0331 0.0192
009740 0.9466 0.0338 0.0196
009750 0.9463 0.0344 0.0192
009760 0.9469 0.0340 0.0191
009770 0.9477 0.0322 0.0201
009780 0.9477 0.0304 0.0218
009790 0.9479 0.0285 0.0237
009800 0.9462 0.0290 0.0248
009810 0.9450 0.0307 0.0243
009820 0.9436 0.0333 0.0231
009830 0.9433 0.0357 0.0211
009840 0.9436 0.0377 0.0187
009850 0.9455 0.0377 0.0168
009860 0.9473 0.0361 0.0166
009870 0.9488 0.0340 0.0171
009880 0.9511 0.0310 0.0178
009890 0.9528 0.0292 0.0180
009900 0.9539 0.0279 0.0182
009910 0.9543 0.0282 0.0176
009920 0.9543 0.0290 0.0167
009930 0.9540 0.0296 0.0164
009940 0.9546 0.0288 0.0165
009950 0.9554 0.0286 0.0160
009960 0.9567 0.0279 0.0154
009970 0.9588 0.0261 0.0151
009980 0.9597 0.0242 0.0161
009990 0.9601 0.0232 0.0167
010000 0.9595 0.0232 0.0173
010010 0.9581 0.0244 0.0175
010020 0.9581 0.0244 0.0175
010030 0.9581 0.0244 0.0175
010040 0.9581 0.0244 0.0175
010050 0.9581 0.0244 0.0175
010060 0.9581 0.0244 0.0175
010070 0.9581 0.0244 0.0175
010080 0.9581 0.0244 0.0175
010090 0.9581 0.0244 0.0175
010100 0.9581 0.0244 0.0175
010110 0.9581 0.0244 0.0175
010120 0.9581 0.0244 0.0175
010130 0.9581 0.0244 0.0175
010140 0.9581 0.0244 0.0175
010150 0.9581 0.0244 0.0175
010160 0.9581 0.0244 0.0175
010170 0.9581 0.0244 0.0175
010180 0.9581 0.0244 0.0175
010190 0.9581 0.0244 0.0175
010200 0.9581 0.0244 0.0175
010210 0.9581 0.0244 0.0175
010220 0.9581 0.0244 0.0175
010230 0.9581 0.0244 0.0175
010240 0.9581 0.0244 0.0175
010250 0.9581 0.0244 0.0175
010260 0.9581 0.0244 0.0175
010270 0.9581 0.0244 0.0175
010280 0.9581 0.0244 0.0175
010290 0.9581 0.0244 0.0175
010300 0.9581 0.0244 0.0175
010310 0.9581 0.0244 0.0175
010320 0.9581 0.0244 0.0175
010330 0.9581 0.0244 0.0175
010340 0.9581 0.0244 0.0175
010350 0.9581 0.0244 0.0175
010360 0.9581 0.0244 0.0175
010370 0.9581 0.0244 0.0175
010380 0.9581 0.0244 0.0175
010390 0.9581 0.0244 0.0175
010400 0.9581 0.0244 0.0175
010410 0.9581 0.0244 0.0175
010420 0.9581 0.0244 0.0175
010430 0.9581 0.0244 0.0175
010440 0.9581 0.0244 0.0175
010450 0.9581 0.0244 0.0175
010460 0.9581 0.0244 0.0175
010470 0.9581 0.0244 0.0175
010480 0.9581 0.0244 0.0175
010490 0.9581 0.0244 0.0175
010500 0.9581 0.0244 0.0175
010510 0.9581 0.0244 0.0175
010520 0.9581 0.0244 0.0175
010530 0.9581 0.0244 0.0175
010540 0.9581 0.0244 0.0175
010550 0.9581 0.0244 0.0175
010560 0.9581 0.0244 0.0175
010570 0.9581 0.0244 0.0175
010580 0.9581 0.0244 0.0175
010590 0.9581 0.0244 0.0175
010600 0.9581 0.0244 0.0175
010610 0.9581 0.0244 0.0175
010620 0.9581 0.0244 0.0175
010630 0.9581 0.0244 0.0175
010640 0.9581 0.0244 0.0175
010650 0.9581 0.0244 0.0175
010660 0.9581 0.0244 0.0175
010670 0.9581 0.0244 0.0175
010680 0.9581 0.0244 0.0175
010690 0.9581 0.0244 0.0175
010700 0.9581 0.0244 0.0175
010710 0.9581 0.0244 0.0175
010720 0.9581 0.0244 0.0175
010730 0.9581 0.0244 0.0175
010740 0.9581 0.0244 0.0175
010750 0.9581 0.0244 0.0175
010760 0.9581 0.0244 0.0175
010770 0.9581 0.0244 0.0175
010780 0.9581 0.0244 0.0175
010790 0.9581 0.0244 0.0175
010800 0.9581 0.0244 0.0175
010810 0.9581 0.0244 0.0175
010820 0.9581 0.0244 0.0175
010830 0.9581 0.0244 0.0175
010840 0.9581 0.0244 0.0175
010850 0.9581 0.0244 0.0175
010860 0.9581 0.0244 0.0175
010870 0.9581 0.0244 0.0175
010880 0.9581 0.0244 0.0175
010890 0.9581 0.0244 0.0175
010900 0.9581 0.0244 0.0175
010910 0.9581 0.0244 0.0175
010920 0.9581 0.0244 0.0175
010930 0.9581 0.0244 0.0175
010940 0.9581 0.0244 0.0175
010950 0.9581 0.0244 0.0175
010960 0.9581 0.0244 0.0175
010970 0.9581 0.0244 0.0175
010980 0.9581 0.0244 0.0175
010990 0.9581 0.0244 0.0175
011000 0.9581 0.0244 0.0175
011010 0.9581 0.0244 0.0175
011020 0.9581 0.0244 0.0175
011030 0.9581 0.0244 0.0175
011040 0.9581 0.0244 0.0175
011050 0.9581 0.0244 0.0175
011060 0.9581 0.0244 0.0175
011070 0.9581 0.0244 0.0175
011080 0.9581 0.0244 0.0175
011090 0.9581 0.0244 0.0175
011100 0.9581 0.0244 0.0175
011110 0.9581 0.0244 0.0175
011120 0.9581 0.0244 0.0175
011130 0.9581 0.0244 0.0175
011140 0.9581 0.0244 0.0175
011150 0.9581 0.0244 0.0175
011160 0.9581 0.0244 0.0175
011170 0.9581 0.0244 0.0175
011180 0.9581 0.0244 0.0175
011190 0.9581 0.0244 0.0175
011200 0.9581 0.0244 0.0175
011210 0.9581 0.0244 0.0175
011220 0.9581 0.0244 0.0175
011230 0.9581 0.0244 0.0175
011240 0.9581 0.0244 0.0175
011250 0.9581 0.0244 0.0175
011260 0.9581 0.0244 0.0175
011270 0.9581 0.0244 0.0175
011280 0.9581 0.0244 0.0175
011290 0.9581 0.0244 0.0175
011300 0.9581 0.0244 0.0175
011310 0.9581 0.0244 0.0175
011320 0.9581 0.0244 0.0175
011330 0.9581 0.0244 0.0175
011340 0.9581 0.0244 0.0175
011350 0.9581 0.0244 0.0175
011360 0.9581 0.0244 0.0175
011370 0.9581 0.0244 0.0175
011380 0.9581 0.0244 0.0175
011390 0.9581 0.0244 0.0175
011400 0.9581 0.0244 0.0175
011410 0.9581 0.0244 0.0175
011420 0.9581 0.0244 0.0175
011430 0.9581 0.0244 0.0175
011440 0.9581 0.0244 0.0175
011450 0.9581 0.0244 0.0175
011460 0.9581 0.0244 0.0175
011470 0.9581 0.0244 0.0175
011480 0.9581 0.0244 0.0175
011490 0.9581 0.0244 0.0175
011500 0.9581 0.0244 0.0175
011510 0.9581 0.0244 0.0175
011520 0.9581 0.0244 0.0175
011530 0.9581 0.0244 0.0175
011540 0.9581 0.0244 0.0175
011550 0.9581 0.0244 0.0175
011560 0.9581 0.0244 0.0175
011570 0.9581 0.0244 0.0175
011580 0.9581 0.0244 0.0175
011590 0.9581 0.0244 0.0175
011600 0.9581 0.0244 0.0175
011610 0.9581 0.0244 0.0175
011620 0.9581 0.0244 0.0175
011630 0.9581 0.0244 0.0175
011640 0.9581 0.0244 0.0175
011650 0.9581 0.0244 0.0175
011660 0.9581 0.0244 0.0175
011670 0.9581 0.0244 0.0175
011680 0.9581 0.0244 0.0175
011690 0.9581 0.0244 0.0175
011700 0.9581 0.0244 0.0175
011710 0.9581 0.0244 0.0175
011720 0.9581 0.0244 0.0175
011730 0.9581 0.0244 0.0175
011740 0.9581 0.0244 0.0175
011750 0.9581 0.0244 0.0175
011760 0.9581 0.0244 0.0175
011770 0.9581 0.0244 0.0175
011780 0.9581 0.0244 0.0175
011790 0.9581 0.0244 0.0175
011800 0.9581 0.0244 0.0175
011810 0.9581 0.0244 0.0175
011820 0.9581 0.0244 0.0175
011830 0.9581 0.0244 0.0175
011840 0.9581 0.0244 0.0175
011850 0.9581 0.0244 0.0175
011860 0.9581 0.0244 0.0175
011870 0.9581 0.0244 0.0175
011880 0.9581 0.0244 0.0175
011890 0.9581 0.0244 0.0175
011900 0.9581 0.0244 0.0175
011910 0.9581 0.0244 0.0175
011920 0.9581 0.0244 0.0175
011930 0.9581 0.0244 0.0175
011940 0.9581 0.0244 0.0175
011950 0.9581 0.0244 0.0175
011960 0.9581 0.0244 0.0175
011970 0.9581 0.0244 0.0175
011980 0.9581 0.0244 0.0175
011990 0.9581 0.0244 0.0175
012000 0.9581 0.0244 0.0175
012010 0.9581 0.0244 0.0175
012020 0.9581 0.0244 0.0175
012030 0.9581 0.0244 0.0175
012040 0.9581 0.0244 0.0175
012050 0.9581 0.0244 0.0175
012060 0.9581 0.0244 0.0175
012070 0.9581 0.0244 0.0175
012080 0.9581 0.0244 0.0175
012090 0.9581 0.0244 0.0175
012100 0.9581 0.0244 0.0175
012110 0.9581 0.0244 0.0175
012120 0.9581 0.0244 0.0175
012130 0.9581 0.0244 0.0175
012140 0.9581 0.0244 0.0175
012150 0.9581 0.0244 0.0175
012160 0.9581 0.0244 0.0175
012170 0.9581 0.0244 0.0175
012180 0.9581 0.0244 0.0175
012190 0.9581 0.0244 0.0175
012200 0.9581 0.0244 0.0175
012210 0.9581 0.0244 0.0175
012220 0.9581 0.0244 0.0175
012230 0.9581 0.0244 0.0175
012240 0.9581 0.0244 0.0175
012250 0.9581 0.0244 0.0175
012260 0.9581 0.0244 0.0175
012270 0.9581 0.0244 0.0175
012280 0.9581 0.0244 0.0175
012290 0.9581 0.0244 0.0175
012300 0.9581 0.0244 0.0175
012310 0.9581 0.0244 0.0175
012320 0.9581 0.0244 0.0175
012330 0.9581 0.0244 0.0175
012340 0.9581 0.0244 0.0175
012350 0.9581 0.0244 0.0175
012360 0.9581 0.0244 0.0175
012370 0.9581 0.0244 0.0175
012380 0.9581 0.0244 0.0175
012390 0.9581 0.0244 0.0175
012400 0.9581 0.0244 0.0175
012410 0.9581 0.0244 0.0175
012420 0.9581 0.0244 0.0175
012430 0.9581 0.0244 0.0175
012440 0.9581 0.0244 0.0175
012450 0.9581 0.0244 0.0175
012460 0.9581 0.0244 0.0175
012470 0.9581 0.0244 0.0175
012480 0.9581 0.0244 0.0175
012490 0.9581 0.0244 0.0175
012500 0.9581 0.0244 0.0175
012510 0.9581 0.0244 0.0175
012520 0.9581 0.0244 0.0175
012530 0.9581 0.0244 0.0175
012540 0.9581 0.0244 0.0175
012550 0.9581 0.0244 0.0175
012560 0.9581 0.0244 0.0175
012570 0.9581 0.0244 0.0175
012580 0.9581 0.0244 0.0175
012590 0.9581 0.0244 0.0175
012600 0.9581 0.0244 0.0175
012610 0.9581 0.0244 0.0175
012620 0.9581 0.0244 0.0175
012630 0.9581 0.0244 0.0175
012640 0.9581 0.0244 0.0175
012650 0.9581 0.0244 0.0175
012660 0.9581 0.0244 0.0175
012670 0.9581 0.0244 0.0175
012680 0.9581 0.0244 0.0175
012690 0.9581 0.0244 0.0175
012700 0.9581 0.0244 0.0175
012710 0.9581 0.0244 0.0175
012720 0.9581 0.0244 0.0175
012730 0.9581 0.0244 0.0175
012740 0.9581 0.0244 0.0175
012750 0.9581 0.0244 0.0175
012760 0.9581 0.0244 0.0175
012770 0.9581 0.0244 0.0175
012780 0.9581 0.0244 0.0175
012790 0.9581 0.0244 0.0175
012800 0.9581 0.0244 0.0175
012810 0.9581 0.0244 0.0175
012820 0.9581 0.0244 0.0175
012830 0.9581 0.0244 0.0175
012840 0.9581 0.0244 0.0175
012850 0.9581 0.0244 0.0175
012860 0.9581 0.0244 0.0175
012870 0.9581 0.0244 0.0175
012880 0.9581 0.0244 0.0175
012890 0.9581 0.0244 0.0175
012900 0.9581 0.0244 0.0175
012910 0.9581 0.0244 0.0175
012920 0.9581 0.0244 0.0175
012930 0.9581 0.0244 0.0175
012940 0.9581 0.0244 0.0175
012950 0.9581 0.0244 0.0175
012960 0.9581 0.0244 0.0175
012970 0.9581 0.0244 0.0175
012980 0.9581 0.0244 0.0175
012990 0.9581 0.0244 0.0175
013000 0.9581 0.0244 0.0175
013010 0.9581 0.0244 0.0175
013020 0.9581 0.0244 0.0175
013030 0.9581 0.0244 0.0175
013040 0.9581 0.0244 0.0175
013050 0.9581 0.0244 0.0175
013060 0.9581 0.0244 0.0175
013070 0.9581 0.0244 0.0175
013080 0.9581 0.0244 0.0175
013090 0.9581 0.0244 0.0175
013100 0.9581 0.0244 0.0175
013110 0.9581 0.0244 0.0175
013120 0.9581 0.0244 0.0175
013130 0.9581 0.0244 0.0175
013140 0.9581 0.0244 0.0175
013150 0.9581 0.0244 0.0175
013160 0.9581 0.0244 0.0175
013170 0.9581 0.0244 0.0175
013180 0.9581 0.0244 0.0175
013190 0.9581 0.0244 0.0175
013200 0.9581 0.0244 0.0175
013210 0.9581 0.0244 0.0175
013220 0.9581 0.0244 0.0175
013230 0.9581 0.0244 0.0175
013240 0.9581 0.0244 0.0175
013250 0.9581 0.0244 0.0175
013260 0.9581 0.0244 0.0175
013270 0.9581 0.0244 0.0175
013280 0.9581 0.0244 0.0175
013290 0.9581 0.0244 0.0175
013300 0.9581 0.0244 0.0175
013310 0.9581 0.0244 0.0175
013320 0.9581 0.0244 0.0175
013330 0.9581 0.0244 0.0175
013340 0.9581 0.0244 0.0175
013350 0.9581 0.0244 0.0175
013360 0.9581 0.0244 0.0175
013370 0.9581 0.0244 0.0175
013380 0.9581 0.0244 0.0175
013390 0.9581 0.0244 0.0175
013400 0.9581 0.0244 0.0175
013410 0.9581 0.0244 0.0175
013420 0.9581 0.0244 0.0175
013430 0.9581 0.0244 0.0175
013440 0.9581 0.0244 0.0175
013450 0.9581 0.0244 0.0175
013460 0.9581 0.0244 0.0175
013470 0.9581 0.0244 0.0175
013480 0.9581 0.0244 0.0175
013490 0.9581 0.0244 0.0175
013500 0.9581 0.0244 0.0175
013510 0.9581 0.0244 0.0175
013520 0.9581 0.0244 0.0175
013530 0.9581 0.0244 0.0175
013540 0.9581 0.0244 0.0175
013550 0.9581 0.0244 0.0175
013560 0.9581 0.0244 0.0175
013570 0.9581 0.0244 0.0175
013580 0.9581 0.0244 0.0175
013590 0.9581 0.0244 0.0175
013600 0.9581 0.0244 0.0175
013610 0.9581 0.0244 0.0175
013620 0.9581 0.0244 0.0175
013630 0.9581 0.0244 0.0175
013640 0.9581 0.0244 0.0175
013650 0.9581 0.0244 0.0175
013660 0.9581 0.0244 0.0175
013670 0.9581 0.0244 0.0175
013680 0.9581 0.0244 0.0175
013690 0.9581 0.0244 0.0175
013700 0.9581 0.0244 0.0175
013710 0.9581 0.0244 0.0175
013720 0.9581 0.0244 0.0175
013730 0.9581 0.0244 0.0175
013740 0.9581 0.0244 0.0175
013750 0.9581 0.0244 0.0175
013760 0.9581 0.0244 0.0175
013770 0.9581 0.0244 0.0175
013780 0.9581 0.0244 0.0175
013790 0.9581 0.0244 0.0175
013800 0.9581 0.0244 0.0175
013810 0.9581 0.0244 0.0175
013820 0.9581 0.0244 0.0175
013830 0.9581 0.0244 0.0175
013840 0.9581 0.0244 0.0175
013850 0.9581 0.0244 0.0175
013860 0.9581 0.0244 0.0175
013870 0.9581 0.0244 0.0175
013880 0.9581 0.0244 0.0175
013890 0.9581 0.0244 0.0175
013900 0.9581 0.0244 0.0175
013910 0.9581 0.0244 0.0175
013920 0.9581 0.0244 0.0175
013930 0.9581 0.0244 0.0175
013940 0.9581 0.0244 0.0175
013950 0.9581 0.0244 0.0175
013960 0.9581 0.0244 0.0175
013970 0.9581 0.0244 0.0175
013980 0.9581 0.0244 0.0175
013990 0.9581 0.0244 0.0175
014000 0.9581 0.0244 0.0175
014010 0.9581 0.0244 0.0175
014020 0.9581 0.0244 0.0175
014030 0.9581 0.0244 0.0175
014040 0.9581 0.0244 0.0175
014050 0.9581 0.0244 0.0175
014060 0.9581 0.0244 0.0175
014070 0.9581 0.0244 0.0175
014080 0.9581 0.0244 0.0175
014090 0.9581 0.0244 0.0175
014100 0.9581 0.0244 0.0175
014110 0.9581 0.0244 0.0175
014120 0.9581 0.0244 0.0175
014130 0.9581 0.0244 0.0175
014140 0.9581 0.0244 0.0175
014150 0.9581 0.0244 0.0175
014160 0.9581 0.0244 0.0175
014170 0.9581 0.0244 0.0175
014180 0.9581 0.0244 0.0175
014190 0.9581 0.0244 0.0175
014200 0.9581 0.0244 0.0175
014210 0.9581 0.0244 0.0175
014220 0.9581 0.0244 0.0175
014230 0.9581 0.0244 0.0175
014240 0.9581 0.0244 0.0175
014250 0.9581 0.0244 0.0175
014260 0.9581 0.0244 0.0175
014270 0.9581 0.0244 0.0175
014280 0.9581 0.0244 0.0175
014290 0.9581 0.0244 0.0175
014300 0.9581 0.0244 0.0175
014310 0.9581 0.0244 0.0175
014320 0.9581 0.0244 0.0175
014330 0.9581 0.0244 0.0175
014340 0.9581 0.0244 0.0175
014350 0.9581 0.0244 0.0175
014360 0.9581 0.0244 0.0175
014370 0.9581 0.0244 0.0175
014380 0.9581 0.0244 0.0175
014390 0.9581 0.0244 0.0175
014400 0.9581 0.0244 0.0175
014410 0.9581 0.0244 0.0175
014420 0.9581 0.0244 0.0175
014430 0.9581 0.0244 0.0175
014440 0.9581 0.0244 0.0175
014450 0.9581 0.0244 0.0175
014460 0.9581 0.0244 0.0175
014470 0.9581 0.0244 0.0175
014480 0.9581 0.0244 0.0175
014490 0.9581 0.0244 0.0175
014500 0.9581 0.0244 0.0175
014510 0.9581 0.0244 0.0175
014520 0.9581 0.0244 0.0175
014530 0.9581 0.0244 0.0175
014540 0.9581 0.0244 0.0175
014550 0.9581 0.0244 0.0175
014560 0.9581 0.0244 0.0175
014570 0.9581 0.0244 0.0175
014580 0.9581 0.0244 0.0175
014590 0.9581 0.0244 0.0175
014600 0.9581 0.0244 0.0175
014610 0.9581 0.0244 0.0175
014620 0.9581 0.0244 0.0175
014630 0.9581 0.0244 0.0175
014640 0.9581 0.0244 0.0175
014650 0.9581 0.0244 0.0175
014660 0.9581 0.0244 0.0175
014670 0.9581 0.0244 0.0175
014680 0.9581 0.0244 0.0175
014690 0.9581 0.0244 0.0175
014700 0.9581 0.0244 0.0175
014710 0.9581 0.0244 0.0175
014720 0.9581 0.0244 0.0175
014730 0.9581 0.0244 0.0175
014740 0.9581 0.0244 0.0175
014750 0.9581 0.0244 0.0175
014760 0.9581 0.0244 0.0175
014770 0.9581 0.0244 0.0175
014780 0.9581 0.0244 0.0175
014790 0.9581 0.0244 0.0175
014800 0.9581 0.0244 0.0175
014810 0.9581 0.0244 0.0175
014820 0.9581 0.0244 0.0175
014830 0.9581 0.0244 0.0175
014840 0.9581 0.0244 0.0175
014850 0.9581 0.0244 0.0175
014860 0.9581 0.0244 0.0175
014870 0.9581 0.0244 0.0175
014880 0.9581 0.0244 0.0175
014890 0.9581 0.0244 0.0175
014900 0.9581 0.0244 0.0175
014910 0.9581 0.0244 0.0175
014920 0.9581 0.0244 0.0175
014930 0.9581 0.0244 0.0175
014940 0.9581 0.0244 0.0175
014950 0.9581 0.0244 0.0175
014960 0.9581 0.0244 0.0175
014970 0.9581 0.0244 0.0175
014980 0.9581 0.0244 0.0175
014990 0.9581 0.0244 0.0175
015000 0.9581 0.0244 0.0175
015010 0.9581 0.0244 0.0175
015020 0.9581 0.0244 0.0175
015030 0.9581 0.0244 0.0175
015040 0.9581 0.0244 0.0175
015050 0.9581 0.0244 0.0175
015060 0.9581 0.0244 0.0175
015070 0.9581 0.0244 0.0175
015080 0.9581 0.0244 0.0175
015090 0.9581 0.0244 0.0175
015100 0.9581 0.0244 0.0175
015110 0.9581 0.0244 0.0175
015120 0.9581 0.0244 0.0175
015130 0.9581 0.0244 0.0175
015140 0.9581 0.0244 0.0175
015150 0.9581 0.0244 0.0175
015160 0.9581 0.0244 0.0175
015170 0.9581 0.0244 0.0175
015180 0.9581 0.0244 0.0175
015190 0.9581 0.0244 0.0175
015200 0.9581 0.0244 0.0175
015210 0.9581 0.0244 0.0175
015220 0.9581 0.0244 0.0175
015230 0.9581 0.0244 0.0175
015240 0.9581 0.0244 0.0175
015250 0.9581 0.0244 0.0175
015260 0.9581 0.0244 0.0175
015270 0.9581 0.0244 0.0175
015280 0.9581 0.0244 0.0175
015290 0.9581 0.0244 0.0175
015300 0.9581 0.0244 0.0175
015310 0.9581 0.0244 0.0175
015320 0.9581 0.0244 0.0175
015330 0.9581 0.0244 0.0175
015340 0.9581 0.0244 0.0175
015350 0.9581 0.0244 0.0175
015360 0.9581 0.0244 0.0175
015370 0.9581 0.0244 0.0175
015380 0.9581 0.0244 0.0175
015390 0.9581 0.0244 0.0175
015400 0.9581 0.0244 0.0175
015410 0.9581 0.0244 0.0175
015420 0.9581 0.0244 0.0175
015430 0.9581 0.0244 0.0175
015440 0.9581 0.0244 0.0175
015450 0.9581 0.0244 0.0175
015460 0.9581 0.0244 0.0175
015470 0.9581 0.0244 0.0175
015480 0.9581 0.0244 0.0175
015490 0.9581 0.0244 0.0175
015500 0.9581 0.0244 0.0175
015510 0.9581 0.0244 0.0175
015520 0.9581 0.0244 0.0175
015530 0.9581 0.0244 0.0175
015540 0.9581 0.0244 0.0175
015550 0.9581 0.0244 0.0175
015560 0.9581 0.0244 0.0175
015570 0.9581 0.0244 0.0175
015580 0.9581 0.0244 0.0175
015590 0.9581 0.0244 0.0175
015600 0.9581 0.0244 0.0175
015610 0.9581 0.0244 0.0175
015620 0.9581 0.0244 0.0175
015630 0.9581 0.0244 0.0175
015640 0.9581 0.0244 0.0175
015650 0.9581 0.0244 0.0175
015660 0.9581 0.0244 0.0175
015670 0.9581 0.0244 0.0175
015680 0.9581 0.0244 0.0175
015690 0.9581 0.0244 0.0175
015700 0.9581 0.0244 0.0175
015710 0.9581 0.0244 0.0175
015720 0.9581 0.0244 0.0175
015730 0.9581 0.0244 0.0175
015740 0.9581 0.0244 0.0175
015750 0.9581 0.0244 0.0175
015760 0.9581 0.0244 0.0175
015770 0.9581 0.0244 0.0175
015780 0.9581 0.0244 0.0175
015790 0.9581 0.0244 0.0175
015800 0.9581 0.0244 0.0175
015810 0.9581 0.0244 0.0175
015820 0.9581 0.0244 0.0175
015830 0.9581 0.0244 0.0175
015840 0.9581 0.0244 0.0175
015850 0.9581 0.0244 0.0175
015860 0.9581 0.0244 0.0175
015870 0.9581 0.0244 0.0175
015880 0.9581 0.0244 0.0175
015890 0.9581 0.0244 0.0175
015900 0.9581 0.0244 0.0175
015910 0.9581 0.0244 0.0175
015920 0.9581 0.0244 0.0175
015930 0.9581 0.0244 0.0175
015940 0.9581 0.0244 0.0175
015950 0.9581 0.0244 0.0175
015960 0.9581 0.0244 0.0175
015970 0.9581 0.0244 0.0175
015980 0.9581 0.0244 0.0175
015990 0.9581 0.0244 0.0175
016000 0.9581 0.0244 0.0175
016010 0.9581 0.0244 0.0175
016020 0.9581 0.0244 0.0175
016030 0.9581 0.0244 0.0175
016040 0.9581 0.0244 0.0175
016050 0.9581 0.0244 0.0175
016060 0.9581 0.0244 0.0175
016070 0.9581 0.0244 0.0175
016080 0.9581 0.0244 0.0175
016090 0.9581 0.0244 0.0175
016100 0.9581 0.0244 0.0175
016110 0.9581 0.0244 0.0175
016120 0.9581 0.0244 0.0175
016130 0.9581 0.0244 0.0175
016140 0.9581 0.0244 0.0175
016150 0.9581 0.0244 0.0175
016160 0.9581 0.0244 0.0175
016170 0.9581 0.0244 0.0175
016180 0.9581 0.0244 0.0175
016190 0.9581 0.0244 0.0175
016200 0.9581 0.0244 0.0175
016210 0.9581 0.0244 0.0175
016220 0.9581 0.0244 0.0175
016230 0.9581 0.0244 0.0175
016240 0.9581 0.0244 0.0175
016250 0.9581 0.0244 0.0175
016260 0.9581 0.0244 0.0175
016270 0.9581 0.0244 0.0175
016280 0.9581 0.0244 0.0175
016290 0.9581 0.0244 0.0175
016300 0.9581 0.0244 0.0175
016310 0.9581 0.0244 0.0175
016320 0.9581 0.0244 0.0175
016330 0.9581 0.0244 0.0175
016340 0.9581 0.0244 0.0175
016350 0.9581 0.0244 0.0175
016360 0.9581 0.0244 0.0175
016370 0.9581 0.0244 0.0175
016380 0.9581 0.0244 0.0175
016390 0.9581 0.0244 0.0175
016400 0.9581 0.0244 0.0175
016410 0.9581 0.0244 0.0175
016420 0.9581 0.0244 0.0175
016430 0.9581 0.0244 0.0175
016440 0.9581 0.0244 0.0175
016450 0.9581 0.0244 0.0175
016460 0.9581 0.0244 0.0175
016470 0.9581 0.0244 0.0175
016480 0.9581 0.0244 0.0175
016490 0.9581 0.0244 0.0175
016500 0.9581 0.0244 0.0175
016510 0.9581 0.0244 0.0175
016520 0.9581 0.0244 0.0175
016530 0.9581 0.0244 0.0175
016540 0.9581 0.0244 0.0175
016550 0.9581 0.0244 0.0175
016560 0.9581 0.0244 0.0175
016570 0.9581 0.0244 0.0175
016580 0.9581 0.0244 0.0175
016590 0.9581 0.0244 0.0175
016600 0.9581 0.0244 0.0175
016610 0.9581 0.0244 0.0175
016620 0.9581 0.0244 0.0175
016630 0.9581 0.0244 0.0175
016640 0.9581 0.0244 0.0175
016650 0.9581 0.0244 0.0175
016660 0.9581 0.0244 0.0175
016670 0.9581 0.0244 0.0175
016680 0.9581 0.0244 0.0175
016690 0.9581 0.0244 0.0175
016700 0.9581 0.0244 0.0175
016710 0.9581 0.0244 0.0175
016720 0.9581 0.0244 0.0175
016730 0.9581 0.0244 0.0175
016740 0.9581 0.0244 0.0175
016750 0.9581 0.0244 0.0175
016760 0.9581 0.0244 0.0175
016770 0.9581 0.0244 0.0175
016780 0.9581 0.0244 0.0175
016790 0.9581 0.0244 0.0175
016800 0.9581 0.0244 0.0175
016810 0.9581 0.0244 0.0175
016820 0.9581 0.0244 0.0175
016830 0.9581 0.0244 0.0175
016840 0.9581 0.0244 0.0175
016850 0.9581 0.0244 0.0175
016860 0.9581 0.0244 0.0175
016870 0.9581 0.0244 0.0175
016880 0.9581 0.0244 0.0175
016890 0.9581 0.0244 0.0175
016900 0.9581 0.0244 0.0175
016910 0.9581 0.0244 0.0175
016920 0.9581 0.0244 0.0175
016930 0.9581 0.0244 0.0175
016940 0.9581 0.0244 0.0175
016950 0.9581 0.0244 0.0175
016960 0.9581 0.0244 0.0175
016970 0.9581 0.0244 0.0175
016980 0.9581 0.0244 0.0175
016990 0.9581 0.0244 0.0175
017000 0.9581 0.0244 0.0175
017010 0.9581 0.0244 0.0175
017020 0.9581 0.0244 0.0175
017030 0.9581 0.0244 0.0175
017040 0.9581 0.0244 0.0175
017050 0.9581 0.0244 0.0175
017060 0.9581 0.0244 0.0175
017070 0.9581 0.0244 0.0175
017080 0.9581 0.0244 0.0175
017090 0.9581 0.0244 0.0175
017100 0.9581 0.0244 0.0175
017110 0.9581 0.0244 0.0175
017120 0.9581 0.0244 0.0175
017130 0.9581 0.0244 0.0175
017140 0.9581 0.0244 0.0175
017150 0.9581 0.0244 0.0175
017160 0.9581 0.0244 0.0175
017170 0.9581 0.0244 0.0175
017180 0.9581 0.0244 0.0175
017190 0.9581 0.0244 0.0175
017200 0.9581 0.0244 0.0175
017210 0.9581 0.0244 0.0175
017220 0.9581 0.0244 0.0175
017230 0.9581 0.0244 0.0175
017240 0.9581 0.0244 0.0175
017250 0.9581 0.0244 0.0175
017260 0.9581 0.0244 0.0175
017270 0.9581 0.0244 0.0175
017280 0.9581 0.0244 0.0175
017290 0.9581 0.0244 0.0175
017300 0.9581 0.0244 0.0175
017310 0.9581 0.0244 0.0175
017320 0.9581 0.0244 0.0175
017330 0.9581 0.0244 0.0175
017340 0.9581 0.0244 0.0175
017350 0.9581 0.0244 0.0175
017360 0.9581 0.0244 0.0175
017370 0.9581 0.0244 0.0175
017380 0.9581 0.0244 0.0175
017390 0.9581 0.0244 0.0175
017400 0.9581 0.0244 0.0175
017410 0.9581 0.0244 0.0175
017420 0.9581 0.0244 0.0175
017430 0.9581 0.0244 0.0175
017440 0.9581 0.0244 0.0175
017450 0.9581 0.0244 0.0175
017460 0.9581 0.0244 0.0175
017470 0.9581 0.0244 0.0175
017480 0.9581 0.0244 0.0175
017490 0.9581 0.0244 0.0175
017500 0.9581 0.0244 0.0175
017510 0.9581 0.0244 0.0175
017520 0.9581 0.0244 0.0175
017530 0.9581 0.0244 0.0175
017540 0.9581 0.0244 0.0175
017550 0.9581 0.0244 0.0175
017560 0.9581 0.0244 0.0175
017570 0.9581 0.0244 0.0175
017580 0.9581 0.0244 0.0175
017590 0.9581 0.0244 0.0175
017600 0.9581 0.0244 0.0175
017610 0.9581 0.0244 0.0175
017620 0.9581 0.0244 0.0175
017630 0.9581 0.0244 0.0175
017640 0.9581 0.0244 0.0175
017650 0.9581 0.0244 0.0175
017660 0.9581 0.0244 0.0175
017670 0.9581 0.0244 0.0175
017680 0.9581 0.0244 0.0175
017690 0.9581 0.0244 0.0175
017700 0.9581 0.0244 0.0175
017710 0.9581 0.0244 0.0175
017720 0.9581 0.0244 0.0175
017730 0.9581 0.0244 0.0175
017740 0.9581 0.0244 0.0175
017750 0.9581 0.0244 0.0175
017760 0.9581 0.0244 0.0175
017770 0.9581 0.0244 0.0175
017780 0.9581 0.0244 0.0175
017790 0.9581 0.0244 0.0175
017800 0.9581 0.0244 0.0175
017810 0.9581 0.0244 0.0175
017820 0.9581 0.0244 0.0175
017830 0.9581 0.0244 0.0175
017840 0.9581 0.0244 0.0175
017850 0.9581 0.0244 0.0175
017860 0.9581 0.0244 0.0175
017870 0.9581 0.0244 0.0175
017880 0.9581 0.0244 0.0175
017890 0.9581 0.0244 0.0175
017900 0.9581 0.0244 0.0175
017910 0.9581 0.0244 0.0175
017920 0.9581 0.0244 0.0175
017930 0.9581 0.0244 0.0175
017940 0.9581 0.0244 0.0175
017950 0.9581 0.0244 0.0175
017960 0.9581 0.0244 0.0175
017970 0.9581 0.0244 0.0175
017980 0.9581 0.0244 0.0175
017990 0.9581 0.0244 0.0175
018000 0.9581 0.0244 0.0175
018010 0.9581 0.0244 0.0175
018020 0.9581 0.0244 0.0175
018030 0.9581 0.0244 0.0175
018040 0.9581 0.0244 0.0175
018050 0.9581 0.0244 0.0175
018060 0.9581 0.0244 0.0175
018070 0.9581 0.0244 0.0175
018080 0.9581 0.0244 0.0175
018090 0.9581 0.0244 0.0175
018100 0.9581 0.0244 0.0175
018110 0.9581 0.0244 0.0175
018120 0.9581 0.0244 0.0175
018130 0.9581 0.0244 0.0175
018140 0.9581 0.0244 0.0175
018150 0.9581 0.0244 0.0175
018160 0.9581 0.0244 0.0175
018170 0.9581 0.0244 0.0175
018180 0.9581 0.0244 0.0175
018190 0.9581 0.0244 0.0175
018200 0.9581 0.0244 0.0175
018210 0.9581 0.0244 0.0175
018220 0.9581 0.0244 0.0175
018230 0.9581 0.0244 0.0175
018240 0.9581 0.0244 0.0175
018250 0.9581 0.0244 0.0175
018260 0.9581 0.0244 0.0175
018270 0.9581 0.0244 0.0175
018280 0.9581 0.0244 0.0175
018290 0.9581 0.0244 0.0175
018300 0.9581 0.0244 0.0175
018310 0.9581 0.0244 0.0175
018320 0.9581 0.0244 0.0175
018330 0.9581 0.0244 0.0175
018340 0.9581 0.0244 0.0175
018350 0.9581 0.0244 0.0175
018360 0.9581 0.0244 0.0175
018370 0.9581 0.0244 0.0175
018380 0.9581 0.0244 0.0175
018390 0.9581 0.0244 0.0175
018400 0.9581 0.0244 0.0175
018410 0.9581 0.0244 0.0175
018420 0.9581 0.0244 0.0175
018430 0.9581 0.0244 0.0175
018440 0.9581 0.0244 0.0175
018450 0.9581 0.0244 0.0175
018460 0.9581 0.0244 0.0175
018470 0.9581 0.0244 0.0175
018480 0.9581 0.0244 0.0175
018490 0.9581 0.0244 0.0175
018500 0.9581 0.0244 0.0175
018510 0.9581 0.0244 0.0175
018520 0.9581 0.0244 0.0175
018530 0.9581 0.0244 0.0175
018540 0.9581 0.0244 0.0175
018550 0.9581 0.0244 0.0175
018560 0.9581 0.0244 0.0175
018570 0.9581 0.0244 0.0175
018580 0.9581 0.0244 0.0175
018590 0.9581 0.0244 0.0175
018600 0.9581 0.0244 0.0175
018610 0.9581 0.0244 0.0175
018620 0.9581 0.0244 0.0175
018630 0.9581 0.0244 0.0175
018640 0.9581 0.0244 0.0175
018650 0.9581 0.0244 0.0175
018660 0.9581 0.0244 0.0175
018670 0.9581 0.0244 0.0175
018680 0.9581 0.0244 0.0175
018690 0.9581 0.0244 0.0175
018700 0.9581 0.0244 0.0175
018710 0.9581 0.0244 0.0175
018720 0.9581 0.0244 0.0175
018730 0.9581 0.0244 0.0175
018740 0.9581 0.0244 0.0175
018750 0.9581 0.0244 0.0175
018760 0.9581 0.0244 0.0175
018770 0.9581 0.0244 0.0175
018780 0.9581 0.0244 0.0175
018790 0.9581 0.0244 0.0175
018800 0.9581 0.0244 0.0175
018810 0.9581 0.0244 0.0175
018820 0.9581 0.0244 0.0175
018830 0.9581 0.0244 0.0175
018840 0.9581 0.0244 0.0175
018850 0.9581 0.0244 0.0175
018860 0.9581 0.0244 0.0175
018870 0.9581 0.0244 0.0175
018880 0.9581 0.0244 0.0175
018890 0.9581 0.0244 0.0175
018900 0.9581 0.0244 0.0175
018910 0.9581 0.0244 0.0175
018920 0.9581 0.0244 0.0175
018930 0.9581 0.0244 0.0175
018940 0.9581 0.0244 0.0175
018950 0.9581 0.0244 0.0175
018960 0.9581 0.0244 0.0175
018970 0.9581 0.0244 0.0175
018980 0.9581 0.0244 0.0175
018990 0.9581 0.0244 0.0175
019000 0.9581 0.0244 0.0175
019010 0.9581 0.0244 0.0175
019020 0.9581 0.0244 0.0175
019030 0.9581 0.0244 0.0175
019040 0.9581 0.0244 0.0175
019050 0.9581 0.0244 0.0175
019060 0.9581 0.0244 0.0175
019070 0.9581 0.0244 0.0175
019080 0.9581 0.0244 0.0175
019090 0.9581 0.0244 0.0175
019100 0.9581 0.0244 0.0175
019110 0.9581 0.0244 0.0175
019120 0.9581 0.0244 0.0175
019130 0.9581 0.0244 0.0175
019140 0.9581 0.0244 0.0175
019150 0.9581 0.0244 0.0175
019160 0.9581 0.0244 0.0175
019170 0.9581 0.0244 0.0175
019180 0.9581 0.0244 0.0175
019190 0.9581 0.0244 0.0175
019200 0.9581 0.0244 0.0175
019210 0.9581 0.0244 0.0175
019220 0.9581 0.0244 0.0175
019230 0.9581 0.0244 0.0175
019240 0.9581 0.0244 0.0175
019250 0.9581 0.0244 0.0175
019260 0.9581 0.0244 0.0175
019270 0.9581 0.0244 0.0175
019280 0.9581 0.0244 0.0175
019290 0.9581 0.0244 0.0175
019300 0.9581 0.0244 0.0175
019310 0.9581 0.0244 0.0175
019320 0.9581 0.0244 0.0175
019330 0.9581 0.0244 0.0175
019340 0.9581 0.0244 0.0175
019350 0.9581 0.0244 0.0175
019360 0.9581 0.0244 0.0175
019370 0.9581 0.0244 0.0175
019380 0.9581 0.0244 0.0175
019390 0.9581 0.0244 0.0175
019400 0.9581 0.0244 0.0175
019410 0.9581 0.0244 0.0175
019420 0.9581 0.0244 0.0175
019430 0.9581 0.0244 0.0175
019440 0.9581 0.0244 0.0175
019450 0.9581 0.0244 0.0175
019460 0.9581 0.0244 0.0175
019470 0.9581 0.0244 0.0175
019480 0.9581 0.0244 0.0175
019490 0.9581 0.0244 0.0175
019500 0.9581 0.0244 0.0175
019510 0.9581 0.0244 0.0175
019520 0.9581 0.0244 0.0175
019530 0.9581 0.0244 0.0175
019540 0.9581 0.0244 0.0175
019550 0.9581 0.0244 0.0175
019560 0.9581 0.0244 0.0175
019570 0.9581 0.0244 0.0175
019580 0.9581 0.0244 0.0175
019590 0.9581 0.0244 0.0175
019600 0.9581 0.0244 0.0175
019610 0.9581 0.0244 0.0175
019620 0.9581 0.0244 0.0175
019630 0.9581 0.0244 0.0175
019640 0.9581 0.0244 0.0175
019650 0.9581 0.0244 0.0175
019660 0.9581 0.0244 0.0175
019670 0.9581 0.0244 0.0175
019680 0.9581 0.0244 0.0175
019690 0.9581 0.0244 0.0175
019700 0.9581 0.0244 0.0175
019710 0.9581 0.0244 0.0175
019720 0.9581 0.0244 0.0175
019730 0.9581 0.0244 0.0175
019740 0.9581 0.0244 0.0175
019750 0.9581 0.0244 0.0175
019760 0.9581 0.0244 0.0175
019770 0.9581 0.0244 0.0175
019780 0.9581 0.0244 0.0175
019790 0.9581 0.0244 0.0175
019800 0.9581 0.0244 0.0175
019810 0.9581 0.0244 0.0175
019820 0.9581 0.0244 0.0175
019830 0.9581 0.0244 0.0175
019840 0.9581 0.0244 0.0175
019850 0.9581 0.0244 0.0175
019860 0.9581 0.0244 0.0175
019870 0.9581 0.0244 0.0175
019880 0.9581 0.0244 0.0175
019890 0.9581 0.0244 0.0175
019900 0.9581 0.0244 0.0175
019910 0.9581 0.0244 0.0175
019920 0.9581 0.0244 0.0175
019930 0.9581 0.0244 0.0175
019940 0.9581 0.0244 0.0175
019950 0.9581 0.0244 0.0175
019960 0.9581 0.0244 0.0175
019970 0.9581 0.0244 0.0175
019980 0.9581 0.0244 0.0175
019990 0.9581 0.0244 0.0175
020000 0.9581 0.0244 0.0175
