000000 0.3333 0.3328 0.3339
000100 0.9576 0.0187 0.0237
000200 0.9432 0.0276 0.0292
000300 0.9411 0.0290 0.0299
000400 0.9420 0.0284 0.0296
000500 0.9403 0.0296 0.0301
000600 0.9419 0.0283 0.0298
000700 0.9454 0.0276 0.0269
000800 0.9393 0.0304 0.0303
000900 0.9431 0.0281 0.0288
001000 0.9431 0.0281 0.0288
001100 0.9396 0.0293 0.0311
001200 0.9399 0.0297 0.0304
001300 0.9406 0.0291 0.0303
001400 0.9389 0.0295 0.0316
001500 0.9400 0.0303 0.0297
001600 0.9456 0.0275 0.0269
001700 0.9454 0.0271 0.0276
001800 0.9434 0.0281 0.0285
001900 0.9403 0.0291 0.0306
002000 0.9396 0.0295 0.0308
002100 0.9452 0.0267 0.0281
002200 0.9381 0.0313 0.0306
002300 0.9420 0.0292 0.0288
002400 0.9388 0.0301 0.0311
002500 0.9420 0.0300 0.0280
002600 0.9412 0.0285 0.0303
002700 0.9415 0.0288 0.0297
002800 0.9422 0.0289 0.0289
002900 0.9431 0.0290 0.0280
003000 0.9420 0.0292 0.0288
003100 0.9442 0.0284 0.0275
003200 0.9438 0.0269 0.0293
003300 0.9400 0.0297 0.0303
003400 0.9426 0.0282 0.0292
003500 0.9422 0.0289 0.0289
003600 0.9394 0.0302 0.0304
003700 0.9402 0.0301 0.0297
003800 0.9404 0.0299 0.0296
003900 0.9408 0.0300 0.0292
004000 0.9451 0.0268 0.0281
004100 0.9440 0.0284 0.0276
004200 0.9416 0.0284 0.0301
004300 0.9412 0.0277 0.0311
004400 0.9433 0.0280 0.0287
004500 0.9418 0.0292 0.0289
004600 0.9423 0.0279 0.0298
004700 0.9429 0.0293 0.0278
004800 0.9451 0.0271 0.0278
004900 0.9398 0.0299 0.0304
005000 0.9442 0.0280 0.0278
005100 0.9415 0.0292 0.0292
005200 0.9456 0.0261 0.0283
005300 0.9428 0.0290 0.0282
005400 0.9411 0.0288 0.0302
005500 0.9457 0.0273 0.0270
005600 0.9408 0.0306 0.0285
005700 0.9415 0.0295 0.0290
005800 0.9428 0.0285 0.0287
005900 0.9399 0.0300 0.0301
006000 0.9421 0.0286 0.0294
006100 0.9415 0.0290 0.0295
006200 0.9422 0.0278 0.0300
006300 0.9394 0.0301 0.0306
006400 0.9390 0.0309 0.0301
006500 0.9451 0.0268 0.0281
006600 0.9427 0.0294 0.0279
006700 0.9418 0.0278 0.0304
006800 0.9433 0.0284 0.0283
006900 0.9430 0.0278 0.0291
007000 0.9490 0.0255 0.0255
007100 0.9417 0.0282 0.0301
007200 0.9429 0.0284 0.0287
007300 0.9401 0.0305 0.0294
007400 0.9427 0.0286 0.0287
007500 0.9432 0.0273 0.0295
007600 0.9436 0.0281 0.0283
007700 0.9445 0.0277 0.0278
007800 0.9411 0.0281 0.0308
007900 0.9405 0.0296 0.0298
008000 0.9396 0.0302 0.0302
008100 0.9431 0.0285 0.0284
008200 0.9423 0.0292 0.0285
008300 0.9422 0.0285 0.0293
008400 0.9440 0.0283 0.0277
008500 0.9401 0.0294 0.0306
008600 0.9428 0.0277 0.0295
008700 0.9446 0.0271 0.0283
008800 0.9454 0.0273 0.0273
008900 0.9424 0.0282 0.0294
009000 0.9383 0.0292 0.0324
009100 0.9420 0.0303 0.0277
009200 0.9445 0.0271 0.0284
009300 0.9444 0.0272 0.0284
009400 0.9442 0.0283 0.0276
009500 0.9449 0.0274 0.0277
009600 0.9419 0.0281 0.0300
009700 0.9418 0.0296 0.0286
009800 0.9421 0.0288 0.0291
009900 0.9411 0.0285 0.0304
010000 0.9417 0.0294 0.0290
010100 0.9421 0.0284 0.0296
010200 0.9417 0.0286 0.0296
010300 0.9409 0.0294 0.0296
010400 0.9419 0.0279 0.0303
010500 0.9432 0.0278 0.0290
010600 0.9406 0.0292 0.0302
010700 0.9437 0.0275 0.0288
010800 0.9424 0.0288 0.0287
010900 0.9461 0.0271 0.0268
011000 0.9413 0.0282 0.0306
011100 0.9403 0.0300 0.0297
011200 0.9406 0.0291 0.0303
011300 0.9409 0.0295 0.0296
011400 0.9430 0.0282 0.0288
011500 0.9418 0.0291 0.0291
011600 0.9430 0.0277 0.0293
011700 0.9465 0.0281 0.0254
011800 0.9384 0.0298 0.0318
011900 0.9433 0.0282 0.0285
012000 0.9426 0.0284 0.0290
012100 0.9388 0.0312 0.0300
012200 0.9438 0.0283 0.0279
012300 0.9383 0.0310 0.0307
012400 0.9400 0.0303 0.0297
012500 0.9421 0.0286 0.0294
012600 0.9402 0.0303 0.0294
012700 0.9421 0.0288 0.0291
012800 0.9415 0.0287 0.0297
012900 0.9466 0.0263 0.0271
013000 0.9439 0.0275 0.0286
013100 0.9407 0.0298 0.0296
013200 0.9406 0.0293 0.0301
013300 0.9412 0.0282 0.0306
013400 0.9452 0.0280 0.0267
013500 0.9439 0.0273 0.0288
013600 0.9437 0.0289 0.0274
013700 0.9438 0.0280 0.0282
013800 0.9435 0.0275 0.0290
013900 0.9430 0.0288 0.0282
014000 0.9459 0.0272 0.0269
014100 0.9425 0.0277 0.0298
014200 0.9441 0.0275 0.0285
014300 0.9459 0.0284 0.0257
014400 0.9442 0.0272 0.0286
014500 0.9431 0.0274 0.0296
014600 0.9444 0.0270 0.0286
014700 0.9420 0.0287 0.0293
014800 0.9454 0.0266 0.0280
014900 0.9424 0.0287 0.0289
015000 0.9420 0.0290 0.0290
015100 0.9384 0.0305 0.0311
015200 0.9443 0.0278 0.0279
015300 0.9453 0.0273 0.0274
015400 0.9415 0.0278 0.0307
015500 0.9418 0.0283 0.0299
015600 0.9446 0.0270 0.0284
015700 0.9434 0.0285 0.0280
015800 0.9454 0.0266 0.0280
015900 0.9403 0.0291 0.0306
016000 0.9437 0.0274 0.0289
016100 0.9450 0.0280 0.0270
016200 0.9409 0.0295 0.0296
016300 0.9424 0.0283 0.0292
016400 0.9446 0.0266 0.0288
016500 0.9407 0.0287 0.0305
016600 0.9418 0.0290 0.0292
016700 0.9422 0.0289 0.0289
016800 0.9425 0.0292 0.0282
016900 0.9430 0.0286 0.0284
017000 0.9402 0.0294 0.0305
017100 0.9452 0.0265 0.0283
017200 0.9432 0.0286 0.0282
017300 0.9436 0.0265 0.0299
017400 0.9469 0.0260 0.0271
017500 0.9389 0.0308 0.0303
017600 0.9412 0.0290 0.0298
017700 0.9425 0.0288 0.0287
017800 0.9443 0.0281 0.0276
017900 0.9434 0.0273 0.0294
018000 0.9420 0.0287 0.0293
018100 0.9418 0.0289 0.0294
018200 0.9436 0.0279 0.0285
018300 0.9410 0.0291 0.0299
018400 0.9417 0.0289 0.0293
018500 0.9440 0.0276 0.0284
018600 0.9427 0.0288 0.0285
018700 0.9425 0.0293 0.0282
018800 0.9467 0.0253 0.0280
018900 0.9396 0.0299 0.0305
019000 0.9413 0.0289 0.0298
019100 0.9418 0.0287 0.0295
019200 0.9402 0.0295 0.0303
019300 0.9436 0.0285 0.0278
019400 0.9408 0.0298 0.0294
019500 0.9445 0.0281 0.0274
019600 0.9413 0.0296 0.0291
019700 0.9435 0.0284 0.0281
019800 0.9428 0.0279 0.0293
019900 0.9414 0.0289 0.0297
020000 0.9433 0.0266 0.0300
020100 0.9375 0.0311 0.0314
020200 0.9407 0.0302 0.0291
020300 0.9426 0.0279 0.0295
020400 0.9395 0.0303 0.0302
020500 0.9453 0.0273 0.0274
020600 0.9407 0.0280 0.0313
020700 0.9421 0.0290 0.0289
020800 0.9398 0.0308 0.0295
020900 0.9429 0.0291 0.0280
021000 0.9419 0.0278 0.0303
021100 0.9417 0.0285 0.0298
021200 0.9426 0.0278 0.0296
021300 0.9442 0.0278 0.0280
021400 0.9402 0.0297 0.0301
021500 0.9416 0.0302 0.0282
021600 0.9455 0.0263 0.0282
021700 0.9396 0.0295 0.0310
021800 0.9409 0.0294 0.0297
021900 0.9421 0.0287 0.0292
022000 0.9387 0.0311 0.0302
022100 0.9380 0.0306 0.0315
022200 0.9443 0.0269 0.0289
022300 0.9456 0.0266 0.0279
022400 0.9403 0.0296 0.0301
022500 0.9434 0.0288 0.0278
022600 0.9443 0.0276 0.0281
022700 0.9396 0.0294 0.0310
022800 0.9437 0.0279 0.0284
022900 0.9465 0.0263 0.0272
023000 0.9460 0.0272 0.0268
023100 0.9442 0.0278 0.0280
023200 0.9443 0.0283 0.0274
023300 0.9418 0.0289 0.0292
023400 0.9425 0.0282 0.0294
023500 0.9441 0.0266 0.0293
023600 0.9379 0.0312 0.0309
023700 0.9402 0.0303 0.0295
023800 0.9416 0.0291 0.0293
023900 0.9461 0.0263 0.0276
024000 0.9508 0.0245 0.0247
024100 0.9427 0.0277 0.0296
024200 0.9401 0.0299 0.0299
024300 0.9416 0.0278 0.0306
024400 0.9414 0.0287 0.0299
024500 0.9409 0.0295 0.0296
024600 0.9441 0.0273 0.0286
024700 0.9420 0.0288 0.0291
024800 0.9460 0.0265 0.0275
024900 0.9426 0.0282 0.0292
025000 0.9422 0.0280 0.0297
025100 0.9448 0.0264 0.0288
025200 0.9448 0.0264 0.0288
025300 0.9448 0.0264 0.0288
025400 0.9448 0.0264 0.0288
025500 0.9448 0.0264 0.0288
025600 0.9448 0.0264 0.0288
025700 0.9448 0.0264 0.0288
025800 0.9448 0.0264 0.0288
025900 0.9448 0.0264 0.0288
026000 0.9448 0.0264 0.0288
026100 0.9448 0.0264 0.0288
026200 0.9448 0.0264 0.0288
026300 0.9448 0.0264 0.0288
026400 0.9448 0.0264 0.0288
026500 0.9448 0.0264 0.0288
026600 0.9448 0.0264 0.0288
026700 0.9448 0.0264 0.0288
026800 0.9448 0.0264 0.0288
026900 0.9448 0.0264 0.0288
027000 0.9448 0.0264 0.0288
027100 0.9448 0.0264 0.0288
027200 0.9448 0.0264 0.0288
027300 0.9448 0.0264 0.0288
027400 0.9448 0.0264 0.0288
027500 0.9448 0.0264 0.0288
027600 0.9448 0.0264 0.0288
027700 0.9448 0.0264 0.0288
027800 0.9448 0.0264 0.0288
027900 0.9448 0.0264 0.0288
028000 0.9448 0.0264 0.0288
028100 0.9448 0.0264 0.0288
028200 0.9448 0.0264 0.0288
028300 0.9448 0.0264 0.0288
028400 0.9448 0.0264 0.0288
028500 0.9448 0.0264 0.0288
028600 0.9448 0.0264 0.0288
028700 0.9448 0.0264 0.0288
028800 0.9448 0.0264 0.0288
028900 0.9448 0.0264 0.0288
029000 0.9448 0.0264 0.0288
029100 0.9448 0.0264 0.0288
029200 0.9448 0.0264 0.0288
029300 0.9448 0.0264 0.0288
029400 0.9448 0.0264 0.0288
029500 0.9448 0.0264 0.0288
029600 0.9448 0.0264 0.0288
029700 0.9448 0.0264 0.0288
029800 0.9448 0.0264 0.0288
029900 0.9448 0.0264 0.0288
030000 0.9448 0.0264 0.0288
030100 0.9448 0.0264 0.0288
030200 0.9448 0.0264 0.0288
030300 0.9448 0.0264 0.0288
030400 0.9448 0.0264 0.0288
030500 0.9448 0.0264 0.0288
030600 0.9448 0.0264 0.0288
030700 0.9448 0.0264 0.0288
030800 0.9448 0.0264 0.0288
030900 0.9448 0.0264 0.0288
031000 0.9448 0.0264 0.0288
031100 0.9448 0.0264 0.0288
031200 0.9448 0.0264 0.0288
031300 0.9448 0.0264 0.0288
031400 0.9448 0.0264 0.0288
031500 0.9448 0.0264 0.0288
031600 0.9448 0.0264 0.0288
031700 0.9448 0.0264 0.0288
031800 0.9448 0.0264 0.0288
031900 0.9448 0.0264 0.0288
032000 0.9448 0.0264 0.0288
032100 0.9448 0.0264 0.0288
032200 0.9448 0.0264 0.0288
032300 0.9448 0.0264 0.0288
032400 0.9448 0.0264 0.0288
032500 0.9448 0.0264 0.0288
032600 0.9448 0.0264 0.0288
032700 0.9448 0.0264 0.0288
032800 0.9448 0.0264 0.0288
032900 0.9448 0.0264 0.0288
033000 0.9448 0.0264 0.0288
033100 0.9448 0.0264 0.0288
033200 0.9448 0.0264 0.0288
033300 0.9448 0.0264 0.0288
033400 0.9448 0.0264 0.0288
033500 0.9448 0.0264 0.0288
033600 0.9448 0.0264 0.0288
033700 0.9448 0.0264 0.0288
033800 0.9448 0.0264 0.0288
033900 0.9448 0.0264 0.0288
034000 0.9448 0.0264 0.0288
034100 0.9448 0.0264 0.0288
034200 0.9448 0.0264 0.0288
034300 0.9448 0.0264 0.0288
034400 0.9448 0.0264 0.0288
034500 0.9448 0.0264 0.0288
034600 0.9448 0.0264 0.0288
034700 0.9448 0.0264 0.0288
034800 0.9448 0.0264 0.0288
034900 0.9448 0.0264 0.0288
035000 0.9448 0.0264 0.0288
035100 0.9448 0.0264 0.0288
035200 0.9448 0.0264 0.0288
035300 0.9448 0.0264 0.0288
035400 0.9448 0.0264 0.0288
035500 0.9448 0.0264 0.0288
035600 0.9448 0.0264 0.0288
035700 0.9448 0.0264 0.0288
035800 0.9448 0.0264 0.0288
035900 0.9448 0.0264 0.0288
036000 0.9448 0.0264 0.0288
036100 0.9448 0.0264 0.0288
036200 0.9448 0.0264 0.0288
036300 0.9448 0.0264 0.0288
036400 0.9448 0.0264 0.0288
036500 0.9448 0.0264 0.0288
036600 0.9448 0.0264 0.0288
036700 0.9448 0.0264 0.0288
036800 0.9448 0.0264 0.0288
036900 0.9448 0.0264 0.0288
037000 0.9448 0.0264 0.0288
037100 0.9448 0.0264 0.0288
037200 0.9448 0.0264 0.0288
037300 0.9448 0.0264 0.0288
037400 0.9448 0.0264 0.0288
037500 0.9448 0.0264 0.0288
037600 0.9448 0.0264 0.0288
037700 0.9448 0.0264 0.0288
037800 0.9448 0.0264 0.0288
037900 0.9448 0.0264 0.0288
038000 0.9448 0.0264 0.0288
038100 0.9448 0.0264 0.0288
038200 0.9448 0.0264 0.0288
038300 0.9448 0.0264 0.0288
038400 0.9448 0.0264 0.0288
038500 0.9448 0.0264 0.0288
038600 0.9448 0.0264 0.0288
038700 0.9448 0.0264 0.0288
038800 0.9448 0.0264 0.0288
038900 0.9448 0.0264 0.0288
039000 0.9448 0.0264 0.0288
039100 0.9448 0.0264 0.0288
039200 0.9448 0.0264 0.0288
039300 0.9448 0.0264 0.0288
039400 0.9448 0.0264 0.0288
039500 0.9448 0.0264 0.0288
039600 0.9448 0.0264 0.0288
039700 0.9448 0.0264 0.0288
039800 0.9448 0.0264 0.0288
039900 0.9448 0.0264 0.0288
040000 0.9448 0.0264 0.0288
040100 0.9448 0.0264 0.0288
040200 0.9448 0.0264 0.0288
040300 0.9448 0.0264 0.0288
040400 0.9448 0.0264 0.0288
040500 0.9448 0.0264 0.0288
040600 0.9448 0.0264 0.0288
040700 0.9448 0.0264 0.0288
040800 0.9448 0.0264 0.0288
040900 0.9448 0.0264 0.0288
041000 0.9448 0.0264 0.0288
041100 0.9448 0.0264 0.0288
041200 0.9448 0.0264 0.0288
041300 0.9448 0.0264 0.0288
041400 0.9448 0.0264 0.0288
041500 0.9448 0.0264 0.0288
041600 0.9448 0.0264 0.0288
041700 0.9448 0.0264 0.0288
041800 0.9448 0.0264 0.0288
041900 0.9448 0.0264 0.0288
042000 0.9448 0.0264 0.0288
042100 0.9448 0.0264 0.0288
042200 0.9448 0.0264 0.0288
042300 0.9448 0.0264 0.0288
042400 0.9448 0.0264 0.0288
042500 0.9448 0.0264 0.0288
042600 0.9448 0.0264 0.0288
042700 0.9448 0.0264 0.0288
042800 0.9448 0.0264 0.0288
042900 0.9448 0.0264 0.0288
043000 0.9448 0.0264 0.0288
043100 0.9448 0.0264 0.0288
043200 0.9448 0.0264 0.0288
043300 0.9448 0.0264 0.0288
043400 0.9448 0.0264 0.0288
043500 0.9448 0.0264 0.0288
043600 0.9448 0.0264 0.0288
043700 0.9448 0.0264 0.0288
043800 0.9448 0.0264 0.0288
043900 0.9448 0.0264 0.0288
044000 0.9448 0.0264 0.0288
044100 0.9448 0.0264 0.0288
044200 0.9448 0.0264 0.0288
044300 0.9448 0.0264 0.0288
044400 0.9448 0.0264 0.0288
044500 0.9448 0.0264 0.0288
044600 0.9448 0.0264 0.0288
044700 0.9448 0.0264 0.0288
044800 0.9448 0.0264 0.0288
044900 0.9448 0.0264 0.0288
045000 0.9448 0.0264 0.0288
045100 0.9448 0.0264 0.0288
045200 0.9448 0.0264 0.0288
045300 0.9448 0.0264 0.0288
045400 0.9448 0.0264 0.0288
045500 0.9448 0.0264 0.0288
045600 0.9448 0.0264 0.0288
045700 0.9448 0.0264 0.0288
045800 0.9448 0.0264 0.0288
045900 0.9448 0.0264 0.0288
046000 0.9448 0.0264 0.0288
046100 0.9448 0.0264 0.0288
046200 0.9448 0.0264 0.0288
046300 0.9448 0.0264 0.0288
046400 0.9448 0.0264 0.0288
046500 0.9448 0.0264 0.0288
046600 0.9448 0.0264 0.0288
046700 0.9448 0.0264 0.0288
046800 0.9448 0.0264 0.0288
046900 0.9448 0.0264 0.0288
047000 0.9448 0.0264 0.0288
047100 0.9448 0.0264 0.0288
047200 0.9448 0.0264 0.0288
047300 0.9448 0.0264 0.0288
047400 0.9448 0.0264 0.0288
047500 0.9448 0.0264 0.0288
047600 0.9448 0.0264 0.0288
047700 0.9448 0.0264 0.0288
047800 0.9448 0.0264 0.0288
047900 0.9448 0.0264 0.0288
048000 0.9448 0.0264 0.0288
048100 0.9448 0.0264 0.0288
048200 0.9448 0.0264 0.0288
048300 0.9448 0.0264 0.0288
048400 0.9448 0.0264 0.0288
048500 0.9448 0.0264 0.0288
048600 0.9448 0.0264 0.0288
048700 0.9448 0.0264 0.0288
048800 0.9448 0.0264 0.0288
048900 0.9448 0.0264 0.0288
049000 0.9448 0.0264 0.0288
049100 0.9448 0.0264 0.0288
049200 0.9448 0.0264 0.0288
049300 0.9448 0.0264 0.0288
049400 0.9448 0.0264 0.0288
049500 0.9448 0.0264 0.0288
049600 0.9448 0.0264 0.0288
049700 0.9448 0.0264 0.0288
049800 0.9448 0.0264 0.0288
049900 0.9448 0.0264 0.0288
050000 0.9448 0.0264 0.0288
