000000 0.3333 0.3326 0.3341
000010 0.3313 0.3363 0.3323
000020 0.3306 0.3397 0.3297
000030 0.3304 0.3431 0.3265
000040 0.3308 0.3469 0.3223
000050 0.3312 0.3510 0.3178
000060 0.3313 0.3561 0.3126
000070 0.3320 0.3610 0.3070
000080 0.3332 0.3658 0.3010
000090 0.3343 0.3705 0.2951
000100 0.3357 0.3753 0.2890
000110 0.3372 0.3812 0.2816
000120 0.3391 0.3880 0.2730
000130 0.3413 0.3948 0.2639
000140 0.3437 0.4031 0.2532
000150 0.3463 0.4124 0.2413
000160 0.3492 0.4228 0.2280
000170 0.3514 0.4349 0.2137
000180 0.3546 0.4471 0.1982
000190 0.3581 0.4585 0.1834
000200 0.3623 0.4682 0.1695
000210 0.3663 0.4783 0.1554
000220 0.3709 0.4866 0.1425
000230 0.3757 0.4941 0.1302
000240 0.3814 0.5010 0.1176
000250 0.3873 0.5070 0.1057
000260 0.3932 0.5114 0.0954
000270 0.3995 0.5149 0.0856
000280 0.4065 0.5175 0.0760
000290 0.4137 0.5201 0.0661
000300 0.4211 0.5223 0.0567
000310 0.4290 0.5237 0.0474
000320 0.4375 0.5239 0.0386
000330 0.4460 0.5235 0.0306
000340 0.4548 0.5221 0.0231
000350 0.4640 0.5196 0.0163
000360 0.4735 0.5150 0.0115
000370 0.4834 0.5088 0.0078
000380 0.4944 0.5006 0.0051
000390 0.5056 0.4913 0.0031
000400 0.5165 0.4816 0.0019
000410 0.5274 0.4717 0.0009
000420 0.5398 0.4598 0.0004
000430 0.5516 0.4483 0.0001
000440 0.5634 0.4365 0.0000
000450 0.5757 0.4243 0.0000
000460 0.5874 0.4126 0.0000
000470 0.5992 0.4008 0.0000
000480 0.6110 0.3890 0.0000
000490 0.6230 0.3770 0.0000
000500 0.6345 0.3655 0.0000
000510 0.6461 0.3539 0.0000
000520 0.6572 0.3428 0.0000
000530 0.6686 0.3314 0.0000
000540 0.6801 0.3199 0.0000
000550 0.6914 0.3086 0.0000
000560 0.7026 0.2974 0.0000
000570 0.7131 0.2869 0.0000
000580 0.7241 0.2759 0.0000
000590 0.7354 0.2646 0.0000
000600 0.7460 0.2540 0.0000
000610 0.7569 0.2431 0.0000
000620 0.7673 0.2327 0.0000
000630 0.7775 0.2225 0.0000
000640 0.7877 0.2123 0.0000
000650 0.7985 0.2015 0.0000
000660 0.8092 0.1908 0.0000
000670 0.8199 0.1801 0.0000
000680 0.8301 0.1699 0.0000
000690 0.8410 0.1590 0.0000
000700 0.8515 0.1485 0.0000
000710 0.8615 0.1385 0.0000
000720 0.8712 0.1288 0.0000
000730 0.8805 0.1195 0.0000
000740 0.8895 0.1105 0.0000
000750 0.8984 0.1016 0.0000
000760 0.9073 0.0927 0.0000
000770 0.9160 0.0840 0.0000
000780 0.9244 0.0756 0.0000
000790 0.9332 0.0668 0.0000
000800 0.9413 0.0587 0.0000
000810 0.9491 0.0509 0.0000
000820 0.9560 0.0440 0.0000
000830 0.9624 0.0376 0.0000
000840 0.9681 0.0319 0.0000
000850 0.9733 0.0267 0.0000
000860 0.9778 0.0222 0.0000
000870 0.9823 0.0177 0.0000
000880 0.9859 0.0141 0.0000
000890 0.9891 0.0109 0.0000
000900 0.9918 0.0082 0.0000
000910 0.9939 0.0061 0.0000
000920 0.9959 0.0041 0.0000
000930 0.9972 0.0028 0.0000
000940 0.9983 0.0017 0.0000
000950 0.9989 0.0011 0.0000
000960 0.9994 0.0006 0.0000
000970 0.9996 0.0004 0.0000
000980 0.9998 0.0002 0.0000
000990 0.9999 0.0001 0.0000
001000 0.9999 0.0001 0.0000
001010 1.0000 0.0000 0.0000
001020 1.0000 0.0000 0.0000
001030 1.0000 0.0000 0.0000
001040 1.0000 0.0000 0.0000
001050 1.0000 0.0000 0.0000
001060 1.0000 0.0000 0.0000
001070 1.0000 0.0000 0.0000
001080 1.0000 0.0000 0.0000
001090 1.0000 0.0000 0.0000
001100 1.0000 0.0000 0.0000
001110 1.0000 0.0000 0.0000
001120 1.0000 0.0000 0.0000
001130 1.0000 0.0000 0.0000
001140 1.0000 0.0000 0.0000
001150 1.0000 0.0000 0.0000
001160 1.0000 0.0000 0.0000
001170 1.0000 0.0000 0.0000
001180 1.0000 0.0000 0.0000
001190 1.0000 0.0000 0.0000
001200 1.0000 0.0000 0.0000
001210 1.0000 0.0000 0.0000
001220 1.0000 0.0000 0.0000
001230 1.0000 0.0000 0.0000
001240 1.0000 0.0000 0.0000
001250 1.0000 0.0000 0.0000
001260 1.0000 0.0000 0.0000
001270 1.0000 0.0000 0.0000
001280 1.0000 0.0000 0.0000
001290 1.0000 0.0000 0.0000
001300 1.0000 0.0000 0.0000
001310 1.0000 0.0000 0.0000
001320 1.0000 0.0000 0.0000
001330 1.0000 0.0000 0.0000
001340 1.0000 0.0000 0.0000
001350 1.0000 0.0000 0.0000
001360 1.0000 0.0000 0.0000
001370 1.0000 0.0000 0.0000
001380 1.0000 0.0000 0.0000
001390 1.0000 0.0000 0.0000
001400 1.0000 0.0000 0.0000
001410 1.0000 0.0000 0.0000
001420 1.0000 0.0000 0.0000
001430 1.0000 0.0000 0.0000
001440 1.0000 0.0000 0.0000
001450 1.0000 0.0000 0.0000
001460 1.0000 0.0000 0.0000
001470 1.0000 0.0000 0.0000
001480 1.0000 0.0000 0.0000
001490 1.0000 0.0000 0.0000
001500 1.0000 0.0000 0.0000
001510 1.0000 0.0000 0.0000
001520 1.0000 0.0000 0.0000
001530 1.0000 0.0000 0.0000
001540 1.0000 0.0000 0.0000
001550 1.0000 0.0000 0.0000
001560 1.0000 0.0000 0.0000
001570 1.0000 0.0000 0.0000
001580 1.0000 0.0000 0.0000
001590 1.0000 0.0000 0.0000
001600 1.0000 0.0000 0.0000
001610 1.0000 0.0000 0.0000
001620 1.0000 0.0000 0.0000
001630 1.0000 0.0000 0.0000
001640 1.0000 0.0000 0.0000
001650 1.0000 0.0000 0.0000
001660 1.0000 0.0000 0.0000
001670 1.0000 0.0000 0.0000
001680 1.0000 0.0000 0.0000
001690 1.0000 0.0000 0.0000
001700 1.0000 0.0000 0.0000
001710 1.0000 0.0000 0.0000
001720 1.0000 0.0000 0.0000
001730 1.0000 0.0000 0.0000
001740 1.0000 0.0000 0.0000
001750 1.0000 0.0000 0.0000
001760 1.0000 0.0000 0.0000
001770 1.0000 0.0000 0.0000
001780 1.0000 0.0000 0.0000
001790 1.0000 0.0000 0.0000
001800 1.0000 0.0000 0.0000
001810 1.0000 0.0000 0.0000
001820 1.0000 0.0000 0.0000
001830 1.0000 0.0000 0.0000
001840 1.0000 0.0000 0.0000
001850 1.0000 0.0000 0.0000
001860 1.0000 0.0000 0.0000
001870 1.0000 0.0000 0.0000
001880 1.0000 0.0000 0.0000
001890 1.0000 0.0000 0.0000
001900 1.0000 0.0000 0.0000
001910 1.0000 0.0000 0.0000
001920 1.0000 0.0000 0.0000
001930 1.0000 0.0000 0.0000
001940 1.0000 0.0000 0.0000
001950 1.0000 0.0000 0.0000
001960 1.0000 0.0000 0.0000
001970 1.0000 0.0000 0.0000
001980 1.0000 0.0000 0.0000
001990 1.0000 0.0000 0.0000
002000 1.0000 0.0000 0.0000
002010 1.0000 0.0000 0.0000
002020 1.0000 0.0000 0.0000
002030 1.0000 0.0000 0.0000
002040 1.0000 0.0000 0.0000
002050 1.0000 0.0000 0.0000
002060 1.0000 0.0000 0.0000
002070 1.0000 0.0000 0.0000
002080 1.0000 0.0000 0.0000
002090 1.0000 0.0000 0.0000
002100 1.0000 0.0000 0.0000
002110 1.0000 0.0000 0.0000
002120 1.0000 0.0000 0.0000
002130 1.0000 0.0000 0.0000
002140 1.0000 0.0000 0.0000
002150 1.0000 0.0000 0.0000
002160 1.0000 0.0000 0.0000
002170 1.0000 0.0000 0.0000
002180 1.0000 0.0000 0.0000
002190 1.0000 0.0000 0.0000
002200 1.0000 0.0000 0.0000
002210 1.0000 0.0000 0.0000
002220 1.0000 0.0000 0.0000
002230 1.0000 0.0000 0.0000
002240 1.0000 0.0000 0.0000
002250 1.0000 0.0000 0.0000
002260 1.0000 0.0000 0.0000
002270 1.0000 0.0000 0.0000
002280 1.0000 0.0000 0.0000
002290 1.0000 0.0000 0.0000
002300 1.0000 0.0000 0.0000
002310 1.0000 0.0000 0.0000
002320 1.0000 0.0000 0.0000
002330 1.0000 0.0000 0.0000
002340 1.0000 0.0000 0.0000
002350 1.0000 0.0000 0.0000
002360 1.0000 0.0000 0.0000
002370 1.0000 0.0000 0.0000
002380 1.0000 0.0000 0.0000
002390 1.0000 0.0000 0.0000
002400 1.0000 0.0000 0.0000
002410 1.0000 0.0000 0.0000
002420 1.0000 0.0000 0.0000
002430 1.0000 0.0000 0.0000
002440 1.0000 0.0000 0.0000
002450 1.0000 0.0000 0.0000
002460 1.0000 0.0000 0.0000
002470 1.0000 0.0000 0.0000
002480 1.0000 0.0000 0.0000
002490 1.0000 0.0000 0.0000
002500 1.0000 0.0000 0.0000
002510 1.0000 0.0000 0.0000
002520 1.0000 0.0000 0.0000
002530 1.0000 0.0000 0.0000
002540 1.0000 0.0000 0.0000
002550 1.0000 0.0000 0.0000
002560 1.0000 0.0000 0.0000
002570 1.0000 0.0000 0.0000
002580 1.0000 0.0000 0.0000
002590 1.0000 0.0000 0.0000
002600 1.0000 0.0000 0.0000
002610 1.0000 0.0000 0.0000
002620 1.0000 0.0000 0.0000
002630 1.0000 0.0000 0.0000
002640 1.0000 0.0000 0.0000
002650 1.0000 0.0000 0.0000
002660 1.0000 0.0000 0.0000
002670 1.0000 0.0000 0.0000
002680 1.0000 0.0000 0.0000
002690 1.0000 0.0000 0.0000
002700 1.0000 0.0000 0.0000
002710 1.0000 0.0000 0.0000
002720 1.0000 0.0000 0.0000
002730 1.0000 0.0000 0.0000
002740 1.0000 0.0000 0.0000
002750 1.0000 0.0000 0.0000
002760 1.0000 0.0000 0.0000
002770 1.0000 0.0000 0.0000
002780 1.0000 0.0000 0.0000
002790 1.0000 0.0000 0.0000
002800 1.0000 0.0000 0.0000
002810 1.0000 0.0000 0.0000
002820 1.0000 0.0000 0.0000
002830 1.0000 0.0000 0.0000
002840 1.0000 0.0000 0.0000
002850 1.0000 0.0000 0.0000
002860 1.0000 0.0000 0.0000
002870 1.0000 0.0000 0.0000
002880 1.0000 0.0000 0.0000
002890 1.0000 0.0000 0.0000
002900 1.0000 0.0000 0.0000
002910 1.0000 0.0000 0.0000
002920 1.0000 0.0000 0.0000
002930 1.0000 0.0000 0.0000
002940 1.0000 0.0000 0.0000
002950 1.0000 0.0000 0.0000
002960 1.0000 0.0000 0.0000
002970 1.0000 0.0000 0.0000
002980 1.0000 0.0000 0.0000
002990 1.0000 0.0000 0.0000
003000 1.0000 0.0000 0.0000
003010 1.0000 0.0000 0.0000
003020 1.0000 0.0000 0.0000
003030 1.0000 0.0000 0.0000
003040 1.0000 0.0000 0.0000
003050 1.0000 0.0000 0.0000
003060 1.0000 0.0000 0.0000
003070 1.0000 0.0000 0.0000
003080 1.0000 0.0000 0.0000
003090 1.0000 0.0000 0.0000
003100 1.0000 0.0000 0.0000
003110 1.0000 0.0000 0.0000
003120 1.0000 0.0000 0.0000
003130 1.0000 0.0000 0.0000
003140 1.0000 0.0000 0.0000
003150 1.0000 0.0000 0.0000
003160 1.0000 0.0000 0.0000
003170 1.0000 0.0000 0.0000
003180 1.0000 0.0000 0.0000
003190 1.0000 0.0000 0.0000
003200 1.0000 0.0000 0.0000
003210 1.0000 0.0000 0.0000
003220 1.0000 0.0000 0.0000
003230 1.0000 0.0000 0.0000
003240 1.0000 0.0000 0.0000
003250 1.0000 0.0000 0.0000
003260 1.0000 0.0000 0.0000
003270 1.0000 0.0000 0.0000
003280 1.0000 0.0000 0.0000
003290 1.0000 0.0000 0.0000
003300 1.0000 0.0000 0.0000
003310 1.0000 0.0000 0.0000
003320 1.0000 0.0000 0.0000
003330 1.0000 0.0000 0.0000
003340 1.0000 0.0000 0.0000
003350 1.0000 0.0000 0.0000
003360 1.0000 0.0000 0.0000
003370 1.0000 0.0000 0.0000
003380 1.0000 0.0000 0.0000
003390 1.0000 0.0000 0.0000
003400 1.0000 0.0000 0.0000
003410 1.0000 0.0000 0.0000
003420 1.0000 0.0000 0.0000
003430 1.0000 0.0000 0.0000
003440 1.0000 0.0000 0.0000
003450 1.0000 0.0000 0.0000
003460 1.0000 0.0000 0.0000
003470 1.0000 0.0000 0.0000
003480 1.0000 0.0000 0.0000
003490 1.0000 0.0000 0.0000
003500 1.0000 0.0000 0.0000
003510 1.0000 0.0000 0.0000
003520 1.0000 0.0000 0.0000
003530 1.0000 0.0000 0.0000
003540 1.0000 0.0000 0.0000
003550 1.0000 0.0000 0.0000
003560 1.0000 0.0000 0.0000
003570 1.0000 0.0000 0.0000
003580 1.0000 0.0000 0.0000
003590 1.0000 0.0000 0.0000
003600 1.0000 0.0000 0.0000
003610 1.0000 0.0000 0.0000
003620 1.0000 0.0000 0.0000
003630 1.0000 0.0000 0.0000
003640 1.0000 0.0000 0.0000
003650 1.0000 0.0000 0.0000
003660 1.0000 0.0000 0.0000
003670 1.0000 0.0000 0.0000
003680 1.0000 0.0000 0.0000
003690 1.0000 0.0000 0.0000
003700 1.0000 0.0000 0.0000
003710 1.0000 0.0000 0.0000
003720 1.0000 0.0000 0.0000
003730 1.0000 0.0000 0.0000
003740 1.0000 0.0000 0.0000
003750 1.0000 0.0000 0.0000
003760 1.0000 0.0000 0.0000
003770 1.0000 0.0000 0.0000
003780 1.0000 0.0000 0.0000
003790 1.0000 0.0000 0.0000
003800 1.0000 0.0000 0.0000
003810 1.0000 0.0000 0.0000
003820 1.0000 0.0000 0.0000
003830 1.0000 0.0000 0.0000
003840 1.0000 0.0000 0.0000
003850 1.0000 0.0000 0.0000
003860 1.0000 0.0000 0.0000
003870 1.0000 0.0000 0.0000
003880 1.0000 0.0000 0.0000
003890 1.0000 0.0000 0.0000
003900 1.0000 0.0000 0.0000
003910 1.0000 0.0000 0.0000
003920 1.0000 0.0000 0.0000
003930 1.0000 0.0000 0.0000
003940 1.0000 0.0000 0.0000
003950 1.0000 0.0000 0.0000
003960 1.0000 0.0000 0.0000
003970 1.0000 0.0000 0.0000
003980 1.0000 0.0000 0.0000
003990 1.0000 0.0000 0.0000
004000 1.0000 0.0000 0.0000
004010 1.0000 0.0000 0.0000
004020 1.0000 0.0000 0.0000
004030 1.0000 0.0000 0.0000
004040 1.0000 0.0000 0.0000
004050 1.0000 0.0000 0.0000
004060 1.0000 0.0000 0.0000
004070 1.0000 0.0000 0.0000
004080 1.0000 0.0000 0.0000
004090 1.0000 0.0000 0.0000
004100 1.0000 0.0000 0.0000
004110 1.0000 0.0000 0.0000
004120 1.0000 0.0000 0.0000
004130 1.0000 0.0000 0.0000
004140 1.0000 0.0000 0.0000
004150 1.0000 0.0000 0.0000
004160 1.0000 0.0000 0.0000
004170 1.0000 0.0000 0.0000
004180 1.0000 0.0000 0.0000
004190 1.0000 0.0000 0.0000
004200 1.0000 0.0000 0.0000
004210 1.0000 0.0000 0.0000
004220 1.0000 0.0000 0.0000
004230 1.0000 0.0000 0.0000
004240 1.0000 0.0000 0.0000
004250 1.0000 0.0000 0.0000
004260 1.0000 0.0000 0.0000
004270 1.0000 0.0000 0.0000
004280 1.0000 0.0000 0.0000
004290 1.0000 0.0000 0.0000
004300 1.0000 0.0000 0.0000
004310 1.0000 0.0000 0.0000
004320 1.0000 0.0000 0.0000
004330 1.0000 0.0000 0.0000
004340 1.0000 0.0000 0.0000
004350 1.0000 0.0000 0.0000
004360 1.0000 0.0000 0.0000
004370 1.0000 0.0000 0.0000
004380 1.0000 0.0000 0.0000
004390 1.0000 0.0000 0.0000
004400 1.0000 0.0000 0.0000
004410 1.0000 0.0000 0.0000
004420 1.0000 0.0000 0.0000
004430 1.0000 0.0000 0.0000
004440 1.0000 0.0000 0.0000
004450 1.0000 0.0000 0.0000
004460 1.0000 0.0000 0.0000
004470 1.0000 0.0000 0.0000
004480 1.0000 0.0000 0.0000
004490 1.0000 0.0000 0.0000
004500 1.0000 0.0000 0.0000
004510 1.0000 0.0000 0.0000
004520 1.0000 0.0000 0.0000
004530 1.0000 0.0000 0.0000
004540 1.0000 0.0000 0.0000
004550 1.0000 0.0000 0.0000
004560 1.0000 0.0000 0.0000
004570 1.0000 0.0000 0.0000
004580 1.0000 0.0000 0.0000
004590 1.0000 0.0000 0.0000
004600 1.0000 0.0000 0.0000
004610 1.0000 0.0000 0.0000
004620 1.0000 0.0000 0.0000
004630 1.0000 0.0000 0.0000
004640 1.0000 0.0000 0.0000
004650 1.0000 0.0000 0.0000
004660 1.0000 0.0000 0.0000
004670 1.0000 0.0000 0.0000
004680 1.0000 0.0000 0.0000
004690 1.0000 0.0000 0.0000
004700 1.0000 0.0000 0.0000
004710 1.0000 0.0000 0.0000
004720 1.0000 0.0000 0.0000
004730 1.0000 0.0000 0.0000
004740 1.0000 0.0000 0.0000
004750 1.0000 0.0000 0.0000
004760 1.0000 0.0000 0.0000
004770 1.0000 0.0000 0.0000
004780 1.0000 0.0000 0.0000
004790 1.0000 0.0000 0.0000
004800 1.0000 0.0000 0.0000
004810 1.0000 0.0000 0.0000
004820 1.0000 0.0000 0.0000
004830 1.0000 0.0000 0.0000
004840 1.0000 0.0000 0.0000
004850 1.0000 0.0000 0.0000
004860 1.0000 0.0000 0.0000
004870 1.0000 0.0000 0.0000
004880 1.0000 0.0000 0.0000
004890 1.0000 0.0000 0.0000
004900 1.0000 0.0000 0.0000
004910 1.0000 0.0000 0.0000
004920 1.0000 0.0000 0.0000
004930 1.0000 0.0000 0.0000
004940 1.0000 0.0000 0.0000
004950 1.0000 0.0000 0.0000
004960 1.0000 0.0000 0.0000
004970 1.0000 0.0000 0.0000
004980 1.0000 0.0000 0.0000
004990 1.0000 0.0000 0.0000
005000 1.0000 0.0000 0.0000
005010 1.0000 0.0000 0.0000
005020 1.0000 0.0000 0.0000
005030 1.0000 0.0000 0.0000
005040 1.0000 0.0000 0.0000
005050 1.0000 0.0000 0.0000
005060 1.0000 0.0000 0.0000
005070 1.0000 0.0000 0.0000
005080 1.0000 0.0000 0.0000
005090 1.0000 0.0000 0.0000
005100 1.0000 0.0000 0.0000
005110 1.0000 0.0000 0.0000
005120 1.0000 0.0000 0.0000
005130 1.0000 0.0000 0.0000
005140 1.0000 0.0000 0.0000
005150 1.0000 0.0000 0.0000
005160 1.0000 0.0000 0.0000
005170 1.0000 0.0000 0.0000
005180 1.0000 0.0000 0.0000
005190 1.0000 0.0000 0.0000
005200 1.0000 0.0000 0.0000
005210 1.0000 0.0000 0.0000
005220 1.0000 0.0000 0.0000
005230 1.0000 0.0000 0.0000
005240 1.0000 0.0000 0.0000
005250 1.0000 0.0000 0.0000
005260 1.0000 0.0000 0.0000
005270 1.0000 0.0000 0.0000
005280 1.0000 0.0000 0.0000
005290 1.0000 0.0000 0.0000
005300 1.0000 0.0000 0.0000
005310 1.0000 0.0000 0.0000
005320 1.0000 0.0000 0.0000
005330 1.0000 0.0000 0.0000
005340 1.0000 0.0000 0.0000
005350 1.0000 0.0000 0.0000
005360 1.0000 0.0000 0.0000
005370 1.0000 0.0000 0.0000
005380 1.0000 0.0000 0.0000
005390 1.0000 0.0000 0.0000
005400 1.0000 0.0000 0.0000
005410 1.0000 0.0000 0.0000
005420 1.0000 0.0000 0.0000
005430 1.0000 0.0000 0.0000
005440 1.0000 0.0000 0.0000
005450 1.0000 0.0000 0.0000
005460 1.0000 0.0000 0.0000
005470 1.0000 0.0000 0.0000
005480 1.0000 0.0000 0.0000
005490 1.0000 0.0000 0.0000
005500 1.0000 0.0000 0.0000
005510 1.0000 0.0000 0.0000
005520 1.0000 0.0000 0.0000
005530 1.0000 0.0000 0.0000
005540 1.0000 0.0000 0.0000
005550 1.0000 0.0000 0.0000
005560 1.0000 0.0000 0.0000
005570 1.0000 0.0000 0.0000
005580 1.0000 0.0000 0.0000
005590 1.0000 0.0000 0.0000
005600 1.0000 0.0000 0.0000
005610 1.0000 0.0000 0.0000
005620 1.0000 0.0000 0.0000
005630 1.0000 0.0000 0.0000
005640 1.0000 0.0000 0.0000
005650 1.0000 0.0000 0.0000
005660 1.0000 0.0000 0.0000
005670 1.0000 0.0000 0.0000
005680 1.0000 0.0000 0.0000
005690 1.0000 0.0000 0.0000
005700 1.0000 0.0000 0.0000
005710 1.0000 0.0000 0.0000
005720 1.0000 0.0000 0.0000
005730 1.0000 0.0000 0.0000
005740 1.0000 0.0000 0.0000
005750 1.0000 0.0000 0.0000
005760 1.0000 0.0000 0.0000
005770 1.0000 0.0000 0.0000
005780 1.0000 0.0000 0.0000
005790 1.0000 0.0000 0.0000
005800 1.0000 0.0000 0.0000
005810 1.0000 0.0000 0.0000
005820 1.0000 0.0000 0.0000
005830 1.0000 0.0000 0.0000
005840 1.0000 0.0000 0.0000
005850 1.0000 0.0000 0.0000
005860 1.0000 0.0000 0.0000
005870 1.0000 0.0000 0.0000
005880 1.0000 0.0000 0.0000
005890 1.0000 0.0000 0.0000
005900 1.0000 0.0000 0.0000
005910 1.0000 0.0000 0.0000
005920 1.0000 0.0000 0.0000
005930 1.0000 0.0000 0.0000
005940 1.0000 0.0000 0.0000
005950 1.0000 0.0000 0.0000
005960 1.0000 0.0000 0.0000
005970 1.0000 0.0000 0.0000
005980 1.0000 0.0000 0.0000
005990 1.0000 0.0000 0.0000
006000 1.0000 0.0000 0.0000
006010 1.0000 0.0000 0.0000
006020 1.0000 0.0000 0.0000
006030 1.0000 0.0000 0.0000
006040 1.0000 0.0000 0.0000
006050 1.0000 0.0000 0.0000
006060 1.0000 0.0000 0.0000
006070 1.0000 0.0000 0.0000
006080 1.0000 0.0000 0.0000
006090 1.0000 0.0000 0.0000
006100 1.0000 0.0000 0.0000
006110 1.0000 0.0000 0.0000
006120 1.0000 0.0000 0.0000
006130 1.0000 0.0000 0.0000
006140 1.0000 0.0000 0.0000
006150 1.0000 0.0000 0.0000
006160 1.0000 0.0000 0.0000
006170 1.0000 0.0000 0.0000
006180 1.0000 0.0000 0.0000
006190 1.0000 0.0000 0.0000
006200 1.0000 0.0000 0.0000
006210 1.0000 0.0000 0.0000
006220 1.0000 0.0000 0.0000
006230 1.0000 0.0000 0.0000
006240 1.0000 0.0000 0.0000
006250 1.0000 0.0000 0.0000
006260 1.0000 0.0000 0.0000
006270 1.0000 0.0000 0.0000
006280 1.0000 0.0000 0.0000
006290 1.0000 0.0000 0.0000
006300 1.0000 0.0000 0.0000
006310 1.0000 0.0000 0.0000
006320 1.0000 0.0000 0.0000
006330 1.0000 0.0000 0.0000
006340 1.0000 0.0000 0.0000
006350 1.0000 0.0000 0.0000
006360 1.0000 0.0000 0.0000
006370 1.0000 0.0000 0.0000
006380 1.0000 0.0000 0.0000
006390 1.0000 0.0000 0.0000
006400 1.0000 0.0000 0.0000
006410 1.0000 0.0000 0.0000
006420 1.0000 0.0000 0.0000
006430 1.0000 0.0000 0.0000
006440 1.0000 0.0000 0.0000
006450 1.0000 0.0000 0.0000
006460 1.0000 0.0000 0.0000
006470 1.0000 0.0000 0.0000
006480 1.0000 0.0000 0.0000
006490 1.0000 0.0000 0.0000
006500 1.0000 0.0000 0.0000
006510 1.0000 0.0000 0.0000
006520 1.0000 0.0000 0.0000
006530 1.0000 0.0000 0.0000
006540 1.0000 0.0000 0.0000
006550 1.0000 0.0000 0.0000
006560 1.0000 0.0000 0.0000
006570 1.0000 0.0000 0.0000
006580 1.0000 0.0000 0.0000
006590 1.0000 0.0000 0.0000
006600 1.0000 0.0000 0.0000
006610 1.0000 0.0000 0.0000
006620 1.0000 0.0000 0.0000
006630 1.0000 0.0000 0.0000
006640 1.0000 0.0000 0.0000
006650 1.0000 0.0000 0.0000
006660 1.0000 0.0000 0.0000
006670 1.0000 0.0000 0.0000
006680 1.0000 0.0000 0.0000
006690 1.0000 0.0000 0.0000
006700 1.0000 0.0000 0.0000
006710 1.0000 0.0000 0.0000
006720 1.0000 0.0000 0.0000
006730 1.0000 0.0000 0.0000
006740 1.0000 0.0000 0.0000
006750 1.0000 0.0000 0.0000
006760 1.0000 0.0000 0.0000
006770 1.0000 0.0000 0.0000
006780 1.0000 0.0000 0.0000
006790 1.0000 0.0000 0.0000
006800 1.0000 0.0000 0.0000
006810 1.0000 0.0000 0.0000
006820 1.0000 0.0000 0.0000
006830 1.0000 0.0000 0.0000
006840 1.0000 0.0000 0.0000
006850 1.0000 0.0000 0.0000
006860 1.0000 0.0000 0.0000
006870 1.0000 0.0000 0.0000
006880 1.0000 0.0000 0.0000
006890 1.0000 0.0000 0.0000
006900 1.0000 0.0000 0.0000
006910 1.0000 0.0000 0.0000
006920 1.0000 0.0000 0.0000
006930 1.0000 0.0000 0.0000
006940 1.0000 0.0000 0.0000
006950 1.0000 0.0000 0.0000
006960 1.0000 0.0000 0.0000
006970 1.0000 0.0000 0.0000
006980 1.0000 0.0000 0.0000
006990 1.0000 0.0000 0.0000
007000 1.0000 0.0000 0.0000
007010 1.0000 0.0000 0.0000
007020 1.0000 0.0000 0.0000
007030 1.0000 0.0000 0.0000
007040 1.0000 0.0000 0.0000
007050 1.0000 0.0000 0.0000
007060 1.0000 0.0000 0.0000
007070 1.0000 0.0000 0.0000
007080 1.0000 0.0000 0.0000
007090 1.0000 0.0000 0.0000
007100 1.0000 0.0000 0.0000
007110 1.0000 0.0000 0.0000
007120 1.0000 0.0000 0.0000
007130 1.0000 0.0000 0.0000
007140 1.0000 0.0000 0.0000
007150 1.0000 0.0000 0.0000
007160 1.0000 0.0000 0.0000
007170 1.0000 0.0000 0.0000
007180 1.0000 0.0000 0.0000
007190 1.0000 0.0000 0.0000
007200 1.0000 0.0000 0.0000
007210 1.0000 0.0000 0.0000
007220 1.0000 0.0000 0.0000
007230 1.0000 0.0000 0.0000
007240 1.0000 0.0000 0.0000
007250 1.0000 0.0000 0.0000
007260 1.0000 0.0000 0.0000
007270 1.0000 0.0000 0.0000
007280 1.0000 0.0000 0.0000
007290 1.0000 0.0000 0.0000
007300 1.0000 0.0000 0.0000
007310 1.0000 0.0000 0.0000
007320 1.0000 0.0000 0.0000
007330 1.0000 0.0000 0.0000
007340 1.0000 0.0000 0.0000
007350 1.0000 0.0000 0.0000
007360 1.0000 0.0000 0.0000
007370 1.0000 0.0000 0.0000
007380 1.0000 0.0000 0.0000
007390 1.0000 0.0000 0.0000
007400 1.0000 0.0000 0.0000
007410 1.0000 0.0000 0.0000
007420 1.0000 0.0000 0.0000
007430 1.0000 0.0000 0.0000
007440 1.0000 0.0000 0.0000
007450 1.0000 0.0000 0.0000
007460 1.0000 0.0000 0.0000
007470 1.0000 0.0000 0.0000
007480 1.0000 0.0000 0.0000
007490 1.0000 0.0000 0.0000
007500 1.0000 0.0000 0.0000
007510 1.0000 0.0000 0.0000
007520 1.0000 0.0000 0.0000
007530 1.0000 0.0000 0.0000
007540 1.0000 0.0000 0.0000
007550 1.0000 0.0000 0.0000
007560 1.0000 0.0000 0.0000
007570 1.0000 0.0000 0.0000
007580 1.0000 0.0000 0.0000
007590 1.0000 0.0000 0.0000
007600 1.0000 0.0000 0.0000
007610 1.0000 0.0000 0.0000
007620 1.0000 0.0000 0.0000
007630 1.0000 0.0000 0.0000
007640 1.0000 0.0000 0.0000
007650 1.0000 0.0000 0.0000
007660 1.0000 0.0000 0.0000
007670 1.0000 0.0000 0.0000
007680 1.0000 0.0000 0.0000
007690 1.0000 0.0000 0.0000
007700 1.0000 0.0000 0.0000
007710 1.0000 0.0000 0.0000
007720 1.0000 0.0000 0.0000
007730 1.0000 0.0000 0.0000
007740 1.0000 0.0000 0.0000
007750 1.0000 0.0000 0.0000
007760 1.0000 0.0000 0.0000
007770 1.0000 0.0000 0.0000
007780 1.0000 0.0000 0.0000
007790 1.0000 0.0000 0.0000
007800 1.0000 0.0000 0.0000
007810 1.0000 0.0000 0.0000
007820 1.0000 0.0000 0.0000
007830 1.0000 0.0000 0.0000
007840 1.0000 0.0000 0.0000
007850 1.0000 0.0000 0.0000
007860 1.0000 0.0000 0.0000
007870 1.0000 0.0000 0.0000
007880 1.0000 0.0000 0.0000
007890 1.0000 0.0000 0.0000
007900 1.0000 0.0000 0.0000
007910 1.0000 0.0000 0.0000
007920 1.0000 0.0000 0.0000
007930 1.0000 0.0000 0.0000
007940 1.0000 0.0000 0.0000
007950 1.0000 0.0000 0.0000
007960 1.0000 0.0000 0.0000
007970 1.0000 0.0000 0.0000
007980 1.0000 0.0000 0.0000
007990 1.0000 0.0000 0.0000
008000 1.0000 0.0000 0.0000
008010 1.0000 0.0000 0.0000
008020 1.0000 0.0000 0.0000
008030 1.0000 0.0000 0.0000
008040 1.0000 0.0000 0.0000
008050 1.0000 0.0000 0.0000
008060 1.0000 0.0000 0.0000
008070 1.0000 0.0000 0.0000
008080 1.0000 0.0000 0.0000
008090 1.0000 0.0000 0.0000
008100 1.0000 0.0000 0.0000
008110 1.0000 0.0000 0.0000
008120 1.0000 0.0000 0.0000
008130 1.0000 0.0000 0.0000
008140 1.0000 0.0000 0.0000
008150 1.0000 0.0000 0.0000
008160 1.0000 0.0000 0.0000
008170 1.0000 0.0000 0.0000
008180 1.0000 0.0000 0.0000
008190 1.0000 0.0000 0.0000
008200 1.0000 0.0000 0.0000
008210 1.0000 0.0000 0.0000
008220 1.0000 0.0000 0.0000
008230 1.0000 0.0000 0.0000
008240 1.0000 0.0000 0.0000
008250 1.0000 0.0000 0.0000
008260 1.0000 0.0000 0.0000
008270 1.0000 0.0000 0.0000
008280 1.0000 0.0000 0.0000
008290 1.0000 0.0000 0.0000
008300 1.0000 0.0000 0.0000
008310 1.0000 0.0000 0.0000
008320 1.0000 0.0000 0.0000
008330 1.0000 0.0000 0.0000
008340 1.0000 0.0000 0.0000
008350 1.0000 0.0000 0.0000
008360 1.0000 0.0000 0.0000
008370 1.0000 0.0000 0.0000
008380 1.0000 0.0000 0.0000
008390 1.0000 0.0000 0.0000
008400 1.0000 0.0000 0.0000
008410 1.0000 0.0000 0.0000
008420 1.0000 0.0000 0.0000
008430 1.0000 0.0000 0.0000
008440 1.0000 0.0000 0.0000
008450 1.0000 0.0000 0.0000
008460 1.0000 0.0000 0.0000
008470 1.0000 0.0000 0.0000
008480 1.0000 0.0000 0.0000
008490 1.0000 0.0000 0.0000
008500 1.0000 0.0000 0.0000
008510 1.0000 0.0000 0.0000
008520 1.0000 0.0000 0.0000
008530 1.0000 0.0000 0.0000
008540 1.0000 0.0000 0.0000
008550 1.0000 0.0000 0.0000
008560 1.0000 0.0000 0.0000
008570 1.0000 0.0000 0.0000
008580 1.0000 0.0000 0.0000
008590 1.0000 0.0000 0.0000
008600 1.0000 0.0000 0.0000
008610 1.0000 0.0000 0.0000
008620 1.0000 0.0000 0.0000
008630 1.0000 0.0000 0.0000
008640 1.0000 0.0000 0.0000
008650 1.0000 0.0000 0.0000
008660 1.0000 0.0000 0.0000
008670 1.0000 0.0000 0.0000
008680 1.0000 0.0000 0.0000
008690 1.0000 0.0000 0.0000
008700 1.0000 0.0000 0.0000
008710 1.0000 0.0000 0.0000
008720 1.0000 0.0000 0.0000
008730 1.0000 0.0000 0.0000
008740 1.0000 0.0000 0.0000
008750 1.0000 0.0000 0.0000
008760 1.0000 0.0000 0.0000
008770 1.0000 0.0000 0.0000
008780 1.0000 0.0000 0.0000
008790 1.0000 0.0000 0.0000
008800 1.0000 0.0000 0.0000
008810 1.0000 0.0000 0.0000
008820 1.0000 0.0000 0.0000
008830 1.0000 0.0000 0.0000
008840 1.0000 0.0000 0.0000
008850 1.0000 0.0000 0.0000
008860 1.0000 0.0000 0.0000
008870 1.0000 0.0000 0.0000
008880 1.0000 0.0000 0.0000
008890 1.0000 0.0000 0.0000
008900 1.0000 0.0000 0.0000
008910 1.0000 0.0000 0.0000
008920 1.0000 0.0000 0.0000
008930 1.0000 0.0000 0.0000
008940 1.0000 0.0000 0.0000
008950 1.0000 0.0000 0.0000
008960 1.0000 0.0000 0.0000
008970 1.0000 0.0000 0.0000
008980 1.0000 0.0000 0.0000
008990 1.0000 0.0000 0.0000
009000 1.0000 0.0000 0.0000
009010 1.0000 0.0000 0.0000
009020 1.0000 0.0000 0.0000
009030 1.0000 0.0000 0.0000
009040 1.0000 0.0000 0.0000
009050 1.0000 0.0000 0.0000
009060 1.0000 0.0000 0.0000
009070 1.0000 0.0000 0.0000
009080 1.0000 0.0000 0.0000
009090 1.0000 0.0000 0.0000
009100 1.0000 0.0000 0.0000
009110 1.0000 0.0000 0.0000
009120 1.0000 0.0000 0.0000
009130 1.0000 0.0000 0.0000
009140 1.0000 0.0000 0.0000
009150 1.0000 0.0000 0.0000
009160 1.0000 0.0000 0.0000
009170 1.0000 0.0000 0.0000
009180 1.0000 0.0000 0.0000
009190 1.0000 0.0000 0.0000
009200 1.0000 0.0000 0.0000
009210 1.0000 0.0000 0.0000
009220 1.0000 0.0000 0.0000
009230 1.0000 0.0000 0.0000
009240 1.0000 0.0000 0.0000
009250 1.0000 0.0000 0.0000
009260 1.0000 0.0000 0.0000
009270 1.0000 0.0000 0.0000
009280 1.0000 0.0000 0.0000
009290 1.0000 0.0000 0.0000
009300 1.0000 0.0000 0.0000
009310 1.0000 0.0000 0.0000
009320 1.0000 0.0000 0.0000
009330 1.0000 0.0000 0.0000
009340 1.0000 0.0000 0.0000
009350 1.0000 0.0000 0.0000
009360 1.0000 0.0000 0.0000
009370 1.0000 0.0000 0.0000
009380 1.0000 0.0000 0.0000
009390 1.0000 0.0000 0.0000
009400 1.0000 0.0000 0.0000
009410 1.0000 0.0000 0.0000
009420 1.0000 0.0000 0.0000
009430 1.0000 0.0000 0.0000
009440 1.0000 0.0000 0.0000
009450 1.0000 0.0000 0.0000
009460 1.0000 0.0000 0.0000
009470 1.0000 0.0000 0.0000
009480 1.0000 0.0000 0.0000
009490 1.0000 0.0000 0.0000
009500 1.0000 0.0000 0.0000
009510 1.0000 0.0000 0.0000
009520 1.0000 0.0000 0.0000
009530 1.0000 0.0000 0.0000
009540 1.0000 0.0000 0.0000
009550 1.0000 0.0000 0.0000
009560 1.0000 0.0000 0.0000
009570 1.0000 0.0000 0.0000
009580 1.0000 0.0000 0.0000
009590 1.0000 0.0000 0.0000
009600 1.0000 0.0000 0.0000
009610 1.0000 0.0000 0.0000
009620 1.0000 0.0000 0.0000
009630 1.0000 0.0000 0.0000
009640 1.0000 0.0000 0.0000
009650 1.0000 0.0000 0.0000
009660 1.0000 0.0000 0.0000
009670 1.0000 0.0000 0.0000
009680 1.0000 0.0000 0.0000
009690 1.0000 0.0000 0.0000
009700 1.0000 0.0000 0.0000
009710 1.0000 0.0000 0.0000
009720 1.0000 0.0000 0.0000
009730 1.0000 0.0000 0.0000
009740 1.0000 0.0000 0.0000
009750 1.0000 0.0000 0.0000
009760 1.0000 0.0000 0.0000
009770 1.0000 0.0000 0.0000
009780 1.0000 0.0000 0.0000
009790 1.0000 0.0000 0.0000
009800 1.0000 0.0000 0.0000
009810 1.0000 0.0000 0.0000
009820 1.0000 0.0000 0.0000
009830 1.0000 0.0000 0.0000
009840 1.0000 0.0000 0.0000
009850 1.0000 0.0000 0.0000
009860 1.0000 0.0000 0.0000
009870 1.0000 0.0000 0.0000
009880 1.0000 0.0000 0.0000
009890 1.0000 0.0000 0.0000
009900 1.0000 0.0000 0.0000
009910 1.0000 0.0000 0.0000
009920 1.0000 0.0000 0.0000
009930 1.0000 0.0000 0.0000
009940 1.0000 0.0000 0.0000
009950 1.0000 0.0000 0.0000
009960 1.0000 0.0000 0.0000
009970 1.0000 0.0000 0.0000
009980 1.0000 0.0000 0.0000
009990 1.0000 0.0000 0.0000
010000 1.0000 0.0000 0.0000
010010 1.0000 0.0000 0.0000
010020 1.0000 0.0000 0.0000
010030 1.0000 0.0000 0.0000
010040 1.0000 0.0000 0.0000
010050 1.0000 0.0000 0.0000
010060 1.0000 0.0000 0.0000
010070 1.0000 0.0000 0.0000
010080 1.0000 0.0000 0.0000
010090 1.0000 0.0000 0.0000
010100 1.0000 0.0000 0.0000
010110 1.0000 0.0000 0.0000
010120 1.0000 0.0000 0.0000
010130 1.0000 0.0000 0.0000
010140 1.0000 0.0000 0.0000
010150 1.0000 0.0000 0.0000
010160 1.0000 0.0000 0.0000
010170 1.0000 0.0000 0.0000
010180 1.0000 0.0000 0.0000
010190 1.0000 0.0000 0.0000
010200 1.0000 0.0000 0.0000
010210 1.0000 0.0000 0.0000
010220 1.0000 0.0000 0.0000
010230 1.0000 0.0000 0.0000
010240 1.0000 0.0000 0.0000
010250 1.0000 0.0000 0.0000
010260 1.0000 0.0000 0.0000
010270 1.0000 0.0000 0.0000
010280 1.0000 0.0000 0.0000
010290 1.0000 0.0000 0.0000
010300 1.0000 0.0000 0.0000
010310 1.0000 0.0000 0.0000
010320 1.0000 0.0000 0.0000
010330 1.0000 0.0000 0.0000
010340 1.0000 0.0000 0.0000
010350 1.0000 0.0000 0.0000
010360 1.0000 0.0000 0.0000
010370 1.0000 0.0000 0.0000
010380 1.0000 0.0000 0.0000
010390 1.0000 0.0000 0.0000
010400 1.0000 0.0000 0.0000
010410 1.0000 0.0000 0.0000
010420 1.0000 0.0000 0.0000
010430 1.0000 0.0000 0.0000
010440 1.0000 0.0000 0.0000
010450 1.0000 0.0000 0.0000
010460 1.0000 0.0000 0.0000
010470 1.0000 0.0000 0.0000
010480 1.0000 0.0000 0.0000
010490 1.0000 0.0000 0.0000
010500 1.0000 0.0000 0.0000
010510 1.0000 0.0000 0.0000
010520 1.0000 0.0000 0.0000
010530 1.0000 0.0000 0.0000
010540 1.0000 0.0000 0.0000
010550 1.0000 0.0000 0.0000
010560 1.0000 0.0000 0.0000
010570 1.0000 0.0000 0.0000
010580 1.0000 0.0000 0.0000
010590 1.0000 0.0000 0.0000
010600 1.0000 0.0000 0.0000
010610 1.0000 0.0000 0.0000
010620 1.0000 0.0000 0.0000
010630 1.0000 0.0000 0.0000
010640 1.0000 0.0000 0.0000
010650 1.0000 0.0000 0.0000
010660 1.0000 0.0000 0.0000
010670 1.0000 0.0000 0.0000
010680 1.0000 0.0000 0.0000
010690 1.0000 0.0000 0.0000
010700 1.0000 0.0000 0.0000
010710 1.0000 0.0000 0.0000
010720 1.0000 0.0000 0.0000
010730 1.0000 0.0000 0.0000
010740 1.0000 0.0000 0.0000
010750 1.0000 0.0000 0.0000
010760 1.0000 0.0000 0.0000
010770 1.0000 0.0000 0.0000
010780 1.0000 0.0000 0.0000
010790 1.0000 0.0000 0.0000
010800 1.0000 0.0000 0.0000
010810 1.0000 0.0000 0.0000
010820 1.0000 0.0000 0.0000
010830 1.0000 0.0000 0.0000
010840 1.0000 0.0000 0.0000
010850 1.0000 0.0000 0.0000
010860 1.0000 0.0000 0.0000
010870 1.0000 0.0000 0.0000
010880 1.0000 0.0000 0.0000
010890 1.0000 0.0000 0.0000
010900 1.0000 0.0000 0.0000
010910 1.0000 0.0000 0.0000
010920 1.0000 0.0000 0.0000
010930 1.0000 0.0000 0.0000
010940 1.0000 0.0000 0.0000
010950 1.0000 0.0000 0.0000
010960 1.0000 0.0000 0.0000
010970 1.0000 0.0000 0.0000
010980 1.0000 0.0000 0.0000
010990 1.0000 0.0000 0.0000
011000 1.0000 0.0000 0.0000
011010 1.0000 0.0000 0.0000
011020 1.0000 0.0000 0.0000
011030 1.0000 0.0000 0.0000
011040 1.0000 0.0000 0.0000
011050 1.0000 0.0000 0.0000
011060 1.0000 0.0000 0.0000
011070 1.0000 0.0000 0.0000
011080 1.0000 0.0000 0.0000
011090 1.0000 0.0000 0.0000
011100 1.0000 0.0000 0.0000
011110 1.0000 0.0000 0.0000
011120 1.0000 0.0000 0.0000
011130 1.0000 0.0000 0.0000
011140 1.0000 0.0000 0.0000
011150 1.0000 0.0000 0.0000
011160 1.0000 0.0000 0.0000
011170 1.0000 0.0000 0.0000
011180 1.0000 0.0000 0.0000
011190 1.0000 0.0000 0.0000
011200 1.0000 0.0000 0.0000
011210 1.0000 0.0000 0.0000
011220 1.0000 0.0000 0.0000
011230 1.0000 0.0000 0.0000
011240 1.0000 0.0000 0.0000
011250 1.0000 0.0000 0.0000
011260 1.0000 0.0000 0.0000
011270 1.0000 0.0000 0.0000
011280 1.0000 0.0000 0.0000
011290 1.0000 0.0000 0.0000
011300 1.0000 0.0000 0.0000
011310 1.0000 0.0000 0.0000
011320 1.0000 0.0000 0.0000
011330 1.0000 0.0000 0.0000
011340 1.0000 0.0000 0.0000
011350 1.0000 0.0000 0.0000
011360 1.0000 0.0000 0.0000
011370 1.0000 0.0000 0.0000
011380 1.0000 0.0000 0.0000
011390 1.0000 0.0000 0.0000
011400 1.0000 0.0000 0.0000
011410 1.0000 0.0000 0.0000
011420 1.0000 0.0000 0.0000
011430 1.0000 0.0000 0.0000
011440 1.0000 0.0000 0.0000
011450 1.0000 0.0000 0.0000
011460 1.0000 0.0000 0.0000
011470 1.0000 0.0000 0.0000
011480 1.0000 0.0000 0.0000
011490 1.0000 0.0000 0.0000
011500 1.0000 0.0000 0.0000
011510 1.0000 0.0000 0.0000
011520 1.0000 0.0000 0.0000
011530 1.0000 0.0000 0.0000
011540 1.0000 0.0000 0.0000
011550 1.0000 0.0000 0.0000
011560 1.0000 0.0000 0.0000
011570 1.0000 0.0000 0.0000
011580 1.0000 0.0000 0.0000
011590 1.0000 0.0000 0.0000
011600 1.0000 0.0000 0.0000
011610 1.0000 0.0000 0.0000
011620 1.0000 0.0000 0.0000
011630 1.0000 0.0000 0.0000
011640 1.0000 0.0000 0.0000
011650 1.0000 0.0000 0.0000
011660 1.0000 0.0000 0.0000
011670 1.0000 0.0000 0.0000
011680 1.0000 0.0000 0.0000
011690 1.0000 0.0000 0.0000
011700 1.0000 0.0000 0.0000
011710 1.0000 0.0000 0.0000
011720 1.0000 0.0000 0.0000
011730 1.0000 0.0000 0.0000
011740 1.0000 0.0000 0.0000
011750 1.0000 0.0000 0.0000
011760 1.0000 0.0000 0.0000
011770 1.0000 0.0000 0.0000
011780 1.0000 0.0000 0.0000
011790 1.0000 0.0000 0.0000
011800 1.0000 0.0000 0.0000
011810 1.0000 0.0000 0.0000
011820 1.0000 0.0000 0.0000
011830 1.0000 0.0000 0.0000
011840 1.0000 0.0000 0.0000
011850 1.0000 0.0000 0.0000
011860 1.0000 0.0000 0.0000
011870 1.0000 0.0000 0.0000
011880 1.0000 0.0000 0.0000
011890 1.0000 0.0000 0.0000
011900 1.0000 0.0000 0.0000
011910 1.0000 0.0000 0.0000
011920 1.0000 0.0000 0.0000
011930 1.0000 0.0000 0.0000
011940 1.0000 0.0000 0.0000
011950 1.0000 0.0000 0.0000
011960 1.0000 0.0000 0.0000
011970 1.0000 0.0000 0.0000
011980 1.0000 0.0000 0.0000
011990 1.0000 0.0000 0.0000
012000 1.0000 0.0000 0.0000
012010 1.0000 0.0000 0.0000
012020 1.0000 0.0000 0.0000
012030 1.0000 0.0000 0.0000
012040 1.0000 0.0000 0.0000
012050 1.0000 0.0000 0.0000
012060 1.0000 0.0000 0.0000
012070 1.0000 0.0000 0.0000
012080 1.0000 0.0000 0.0000
012090 1.0000 0.0000 0.0000
012100 1.0000 0.0000 0.0000
012110 1.0000 0.0000 0.0000
012120 1.0000 0.0000 0.0000
012130 1.0000 0.0000 0.0000
012140 1.0000 0.0000 0.0000
012150 1.0000 0.0000 0.0000
012160 1.0000 0.0000 0.0000
012170 1.0000 0.0000 0.0000
012180 1.0000 0.0000 0.0000
012190 1.0000 0.0000 0.0000
012200 1.0000 0.0000 0.0000
012210 1.0000 0.0000 0.0000
012220 1.0000 0.0000 0.0000
012230 1.0000 0.0000 0.0000
012240 1.0000 0.0000 0.0000
012250 1.0000 0.0000 0.0000
012260 1.0000 0.0000 0.0000
012270 1.0000 0.0000 0.0000
012280 1.0000 0.0000 0.0000
012290 1.0000 0.0000 0.0000
012300 1.0000 0.0000 0.0000
012310 1.0000 0.0000 0.0000
012320 1.0000 0.0000 0.0000
012330 1.0000 0.0000 0.0000
012340 1.0000 0.0000 0.0000
012350 1.0000 0.0000 0.0000
012360 1.0000 0.0000 0.0000
012370 1.0000 0.0000 0.0000
012380 1.0000 0.0000 0.0000
012390 1.0000 0.0000 0.0000
012400 1.0000 0.0000 0.0000
012410 1.0000 0.0000 0.0000
012420 1.0000 0.0000 0.0000
012430 1.0000 0.0000 0.0000
012440 1.0000 0.0000 0.0000
012450 1.0000 0.0000 0.0000
012460 1.0000 0.0000 0.0000
012470 1.0000 0.0000 0.0000
012480 1.0000 0.0000 0.0000
012490 1.0000 0.0000 0.0000
012500 1.0000 0.0000 0.0000
012510 1.0000 0.0000 0.0000
012520 1.0000 0.0000 0.0000
012530 1.0000 0.0000 0.0000
012540 1.0000 0.0000 0.0000
012550 1.0000 0.0000 0.0000
012560 1.0000 0.0000 0.0000
012570 1.0000 0.0000 0.0000
012580 1.0000 0.0000 0.0000
012590 1.0000 0.0000 0.0000
012600 1.0000 0.0000 0.0000
012610 1.0000 0.0000 0.0000
012620 1.0000 0.0000 0.0000
012630 1.0000 0.0000 0.0000
012640 1.0000 0.0000 0.0000
012650 1.0000 0.0000 0.0000
012660 1.0000 0.0000 0.0000
012670 1.0000 0.0000 0.0000
012680 1.0000 0.0000 0.0000
012690 1.0000 0.0000 0.0000
012700 1.0000 0.0000 0.0000
012710 1.0000 0.0000 0.0000
012720 1.0000 0.0000 0.0000
012730 1.0000 0.0000 0.0000
012740 1.0000 0.0000 0.0000
012750 1.0000 0.0000 0.0000
012760 1.0000 0.0000 0.0000
012770 1.0000 0.0000 0.0000
012780 1.0000 0.0000 0.0000
012790 1.0000 0.0000 0.0000
012800 1.0000 0.0000 0.0000
012810 1.0000 0.0000 0.0000
012820 1.0000 0.0000 0.0000
012830 1.0000 0.0000 0.0000
012840 1.0000 0.0000 0.0000
012850 1.0000 0.0000 0.0000
012860 1.0000 0.0000 0.0000
012870 1.0000 0.0000 0.0000
012880 1.0000 0.0000 0.0000
012890 1.0000 0.0000 0.0000
012900 1.0000 0.0000 0.0000
012910 1.0000 0.0000 0.0000
012920 1.0000 0.0000 0.0000
012930 1.0000 0.0000 0.0000
012940 1.0000 0.0000 0.0000
012950 1.0000 0.0000 0.0000
012960 1.0000 0.0000 0.0000
012970 1.0000 0.0000 0.0000
012980 1.0000 0.0000 0.0000
012990 1.0000 0.0000 0.0000
013000 1.0000 0.0000 0.0000
013010 1.0000 0.0000 0.0000
013020 1.0000 0.0000 0.0000
013030 1.0000 0.0000 0.0000
013040 1.0000 0.0000 0.0000
013050 1.0000 0.0000 0.0000
013060 1.0000 0.0000 0.0000
013070 1.0000 0.0000 0.0000
013080 1.0000 0.0000 0.0000
013090 1.0000 0.0000 0.0000
013100 1.0000 0.0000 0.0000
013110 1.0000 0.0000 0.0000
013120 1.0000 0.0000 0.0000
013130 1.0000 0.0000 0.0000
013140 1.0000 0.0000 0.0000
013150 1.0000 0.0000 0.0000
013160 1.0000 0.0000 0.0000
013170 1.0000 0.0000 0.0000
013180 1.0000 0.0000 0.0000
013190 1.0000 0.0000 0.0000
013200 1.0000 0.0000 0.0000
013210 1.0000 0.0000 0.0000
013220 1.0000 0.0000 0.0000
013230 1.0000 0.0000 0.0000
013240 1.0000 0.0000 0.0000
013250 1.0000 0.0000 0.0000
013260 1.0000 0.0000 0.0000
013270 1.0000 0.0000 0.0000
013280 1.0000 0.0000 0.0000
013290 1.0000 0.0000 0.0000
013300 1.0000 0.0000 0.0000
013310 1.0000 0.0000 0.0000
013320 1.0000 0.0000 0.0000
013330 1.0000 0.0000 0.0000
013340 1.0000 0.0000 0.0000
013350 1.0000 0.0000 0.0000
013360 1.0000 0.0000 0.0000
013370 1.0000 0.0000 0.0000
013380 1.0000 0.0000 0.0000
013390 1.0000 0.0000 0.0000
013400 1.0000 0.0000 0.0000
013410 1.0000 0.0000 0.0000
013420 1.0000 0.0000 0.0000
013430 1.0000 0.0000 0.0000
013440 1.0000 0.0000 0.0000
013450 1.0000 0.0000 0.0000
013460 1.0000 0.0000 0.0000
013470 1.0000 0.0000 0.0000
013480 1.0000 0.0000 0.0000
013490 1.0000 0.0000 0.0000
013500 1.0000 0.0000 0.0000
013510 1.0000 0.0000 0.0000
013520 1.0000 0.0000 0.0000
013530 1.0000 0.0000 0.0000
013540 1.0000 0.0000 0.0000
013550 1.0000 0.0000 0.0000
013560 1.0000 0.0000 0.0000
013570 1.0000 0.0000 0.0000
013580 1.0000 0.0000 0.0000
013590 1.0000 0.0000 0.0000
013600 1.0000 0.0000 0.0000
013610 1.0000 0.0000 0.0000
013620 1.0000 0.0000 0.0000
013630 1.0000 0.0000 0.0000
013640 1.0000 0.0000 0.0000
013650 1.0000 0.0000 0.0000
013660 1.0000 0.0000 0.0000
013670 1.0000 0.0000 0.0000
013680 1.0000 0.0000 0.0000
013690 1.0000 0.0000 0.0000
013700 1.0000 0.0000 0.0000
013710 1.0000 0.0000 0.0000
013720 1.0000 0.0000 0.0000
013730 1.0000 0.0000 0.0000
013740 1.0000 0.0000 0.0000
013750 1.0000 0.0000 0.0000
013760 1.0000 0.0000 0.0000
013770 1.0000 0.0000 0.0000
013780 1.0000 0.0000 0.0000
013790 1.0000 0.0000 0.0000
013800 1.0000 0.0000 0.0000
013810 1.0000 0.0000 0.0000
013820 1.0000 0.0000 0.0000
013830 1.0000 0.0000 0.0000
013840 1.0000 0.0000 0.0000
013850 1.0000 0.0000 0.0000
013860 1.0000 0.0000 0.0000
013870 1.0000 0.0000 0.0000
013880 1.0000 0.0000 0.0000
013890 1.0000 0.0000 0.0000
013900 1.0000 0.0000 0.0000
013910 1.0000 0.0000 0.0000
013920 1.0000 0.0000 0.0000
013930 1.0000 0.0000 0.0000
013940 1.0000 0.0000 0.0000
013950 1.0000 0.0000 0.0000
013960 1.0000 0.0000 0.0000
013970 1.0000 0.0000 0.0000
013980 1.0000 0.0000 0.0000
013990 1.0000 0.0000 0.0000
014000 1.0000 0.0000 0.0000
014010 1.0000 0.0000 0.0000
014020 1.0000 0.0000 0.0000
014030 1.0000 0.0000 0.0000
014040 1.0000 0.0000 0.0000
014050 1.0000 0.0000 0.0000
014060 1.0000 0.0000 0.0000
014070 1.0000 0.0000 0.0000
014080 1.0000 0.0000 0.0000
014090 1.0000 0.0000 0.0000
014100 1.0000 0.0000 0.0000
014110 1.0000 0.0000 0.0000
014120 1.0000 0.0000 0.0000
014130 1.0000 0.0000 0.0000
014140 1.0000 0.0000 0.0000
014150 1.0000 0.0000 0.0000
014160 1.0000 0.0000 0.0000
014170 1.0000 0.0000 0.0000
014180 1.0000 0.0000 0.0000
014190 1.0000 0.0000 0.0000
014200 1.0000 0.0000 0.0000
014210 1.0000 0.0000 0.0000
014220 1.0000 0.0000 0.0000
014230 1.0000 0.0000 0.0000
014240 1.0000 0.0000 0.0000
014250 1.0000 0.0000 0.0000
014260 1.0000 0.0000 0.0000
014270 1.0000 0.0000 0.0000
014280 1.0000 0.0000 0.0000
014290 1.0000 0.0000 0.0000
014300 1.0000 0.0000 0.0000
014310 1.0000 0.0000 0.0000
014320 1.0000 0.0000 0.0000
014330 1.0000 0.0000 0.0000
014340 1.0000 0.0000 0.0000
014350 1.0000 0.0000 0.0000
014360 1.0000 0.0000 0.0000
014370 1.0000 0.0000 0.0000
014380 1.0000 0.0000 0.0000
014390 1.0000 0.0000 0.0000
014400 1.0000 0.0000 0.0000
014410 1.0000 0.0000 0.0000
014420 1.0000 0.0000 0.0000
014430 1.0000 0.0000 0.0000
014440 1.0000 0.0000 0.0000
014450 1.0000 0.0000 0.0000
014460 1.0000 0.0000 0.0000
014470 1.0000 0.0000 0.0000
014480 1.0000 0.0000 0.0000
014490 1.0000 0.0000 0.0000
014500 1.0000 0.0000 0.0000
014510 1.0000 0.0000 0.0000
014520 1.0000 0.0000 0.0000
014530 1.0000 0.0000 0.0000
014540 1.0000 0.0000 0.0000
014550 1.0000 0.0000 0.0000
014560 1.0000 0.0000 0.0000
014570 1.0000 0.0000 0.0000
014580 1.0000 0.0000 0.0000
014590 1.0000 0.0000 0.0000
014600 1.0000 0.0000 0.0000
014610 1.0000 0.0000 0.0000
014620 1.0000 0.0000 0.0000
014630 1.0000 0.0000 0.0000
014640 1.0000 0.0000 0.0000
014650 1.0000 0.0000 0.0000
014660 1.0000 0.0000 0.0000
014670 1.0000 0.0000 0.0000
014680 1.0000 0.0000 0.0000
014690 1.0000 0.0000 0.0000
014700 1.0000 0.0000 0.0000
014710 1.0000 0.0000 0.0000
014720 1.0000 0.0000 0.0000
014730 1.0000 0.0000 0.0000
014740 1.0000 0.0000 0.0000
014750 1.0000 0.0000 0.0000
014760 1.0000 0.0000 0.0000
014770 1.0000 0.0000 0.0000
014780 1.0000 0.0000 0.0000
014790 1.0000 0.0000 0.0000
014800 1.0000 0.0000 0.0000
014810 1.0000 0.0000 0.0000
014820 1.0000 0.0000 0.0000
014830 1.0000 0.0000 0.0000
014840 1.0000 0.0000 0.0000
014850 1.0000 0.0000 0.0000
014860 1.0000 0.0000 0.0000
014870 1.0000 0.0000 0.0000
014880 1.0000 0.0000 0.0000
014890 1.0000 0.0000 0.0000
014900 1.0000 0.0000 0.0000
014910 1.0000 0.0000 0.0000
014920 1.0000 0.0000 0.0000
014930 1.0000 0.0000 0.0000
014940 1.0000 0.0000 0.0000
014950 1.0000 0.0000 0.0000
014960 1.0000 0.0000 0.0000
014970 1.0000 0.0000 0.0000
014980 1.0000 0.0000 0.0000
014990 1.0000 0.0000 0.0000
015000 1.0000 0.0000 0.0000
015010 1.0000 0.0000 0.0000
015020 1.0000 0.0000 0.0000
015030 1.0000 0.0000 0.0000
015040 1.0000 0.0000 0.0000
015050 1.0000 0.0000 0.0000
015060 1.0000 0.0000 0.0000
015070 1.0000 0.0000 0.0000
015080 1.0000 0.0000 0.0000
015090 1.0000 0.0000 0.0000
015100 1.0000 0.0000 0.0000
015110 1.0000 0.0000 0.0000
015120 1.0000 0.0000 0.0000
015130 1.0000 0.0000 0.0000
015140 1.0000 0.0000 0.0000
015150 1.0000 0.0000 0.0000
015160 1.0000 0.0000 0.0000
015170 1.0000 0.0000 0.0000
015180 1.0000 0.0000 0.0000
015190 1.0000 0.0000 0.0000
015200 1.0000 0.0000 0.0000
015210 1.0000 0.0000 0.0000
015220 1.0000 0.0000 0.0000
015230 1.0000 0.0000 0.0000
015240 1.0000 0.0000 0.0000
015250 1.0000 0.0000 0.0000
015260 1.0000 0.0000 0.0000
015270 1.0000 0.0000 0.0000
015280 1.0000 0.0000 0.0000
015290 1.0000 0.0000 0.0000
015300 1.0000 0.0000 0.0000
015310 1.0000 0.0000 0.0000
015320 1.0000 0.0000 0.0000
015330 1.0000 0.0000 0.0000
015340 1.0000 0.0000 0.0000
015350 1.0000 0.0000 0.0000
015360 1.0000 0.0000 0.0000
015370 1.0000 0.0000 0.0000
015380 1.0000 0.0000 0.0000
015390 1.0000 0.0000 0.0000
015400 1.0000 0.0000 0.0000
015410 1.0000 0.0000 0.0000
015420 1.0000 0.0000 0.0000
015430 1.0000 0.0000 0.0000
015440 1.0000 0.0000 0.0000
015450 1.0000 0.0000 0.0000
015460 1.0000 0.0000 0.0000
015470 1.0000 0.0000 0.0000
015480 1.0000 0.0000 0.0000
015490 1.0000 0.0000 0.0000
015500 1.0000 0.0000 0.0000
015510 1.0000 0.0000 0.0000
015520 1.0000 0.0000 0.0000
015530 1.0000 0.0000 0.0000
015540 1.0000 0.0000 0.0000
015550 1.0000 0.0000 0.0000
015560 1.0000 0.0000 0.0000
015570 1.0000 0.0000 0.0000
015580 1.0000 0.0000 0.0000
015590 1.0000 0.0000 0.0000
015600 1.0000 0.0000 0.0000
015610 1.0000 0.0000 0.0000
015620 1.0000 0.0000 0.0000
015630 1.0000 0.0000 0.0000
015640 1.0000 0.0000 0.0000
015650 1.0000 0.0000 0.0000
015660 1.0000 0.0000 0.0000
015670 1.0000 0.0000 0.0000
015680 1.0000 0.0000 0.0000
015690 1.0000 0.0000 0.0000
015700 1.0000 0.0000 0.0000
015710 1.0000 0.0000 0.0000
015720 1.0000 0.0000 0.0000
015730 1.0000 0.0000 0.0000
015740 1.0000 0.0000 0.0000
015750 1.0000 0.0000 0.0000
015760 1.0000 0.0000 0.0000
015770 1.0000 0.0000 0.0000
015780 1.0000 0.0000 0.0000
015790 1.0000 0.0000 0.0000
015800 1.0000 0.0000 0.0000
015810 1.0000 0.0000 0.0000
015820 1.0000 0.0000 0.0000
015830 1.0000 0.0000 0.0000
015840 1.0000 0.0000 0.0000
015850 1.0000 0.0000 0.0000
015860 1.0000 0.0000 0.0000
015870 1.0000 0.0000 0.0000
015880 1.0000 0.0000 0.0000
015890 1.0000 0.0000 0.0000
015900 1.0000 0.0000 0.0000
015910 1.0000 0.0000 0.0000
015920 1.0000 0.0000 0.0000
015930 1.0000 0.0000 0.0000
015940 1.0000 0.0000 0.0000
015950 1.0000 0.0000 0.0000
015960 1.0000 0.0000 0.0000
015970 1.0000 0.0000 0.0000
015980 1.0000 0.0000 0.0000
015990 1.0000 0.0000 0.0000
016000 1.0000 0.0000 0.0000
016010 1.0000 0.0000 0.0000
016020 1.0000 0.0000 0.0000
016030 1.0000 0.0000 0.0000
016040 1.0000 0.0000 0.0000
016050 1.0000 0.0000 0.0000
016060 1.0000 0.0000 0.0000
016070 1.0000 0.0000 0.0000
016080 1.0000 0.0000 0.0000
016090 1.0000 0.0000 0.0000
016100 1.0000 0.0000 0.0000
016110 1.0000 0.0000 0.0000
016120 1.0000 0.0000 0.0000
016130 1.0000 0.0000 0.0000
016140 1.0000 0.0000 0.0000
016150 1.0000 0.0000 0.0000
016160 1.0000 0.0000 0.0000
016170 1.0000 0.0000 0.0000
016180 1.0000 0.0000 0.0000
016190 1.0000 0.0000 0.0000
016200 1.0000 0.0000 0.0000
016210 1.0000 0.0000 0.0000
016220 1.0000 0.0000 0.0000
016230 1.0000 0.0000 0.0000
016240 1.0000 0.0000 0.0000
016250 1.0000 0.0000 0.0000
016260 1.0000 0.0000 0.0000
016270 1.0000 0.0000 0.0000
016280 1.0000 0.0000 0.0000
016290 1.0000 0.0000 0.0000
016300 1.0000 0.0000 0.0000
016310 1.0000 0.0000 0.0000
016320 1.0000 0.0000 0.0000
016330 1.0000 0.0000 0.0000
016340 1.0000 0.0000 0.0000
016350 1.0000 0.0000 0.0000
016360 1.0000 0.0000 0.0000
016370 1.0000 0.0000 0.0000
016380 1.0000 0.0000 0.0000
016390 1.0000 0.0000 0.0000
016400 1.0000 0.0000 0.0000
016410 1.0000 0.0000 0.0000
016420 1.0000 0.0000 0.0000
016430 1.0000 0.0000 0.0000
016440 1.0000 0.0000 0.0000
016450 1.0000 0.0000 0.0000
016460 1.0000 0.0000 0.0000
016470 1.0000 0.0000 0.0000
016480 1.0000 0.0000 0.0000
016490 1.0000 0.0000 0.0000
016500 1.0000 0.0000 0.0000
016510 1.0000 0.0000 0.0000
016520 1.0000 0.0000 0.0000
016530 1.0000 0.0000 0.0000
016540 1.0000 0.0000 0.0000
016550 1.0000 0.0000 0.0000
016560 1.0000 0.0000 0.0000
016570 1.0000 0.0000 0.0000
016580 1.0000 0.0000 0.0000
016590 1.0000 0.0000 0.0000
016600 1.0000 0.0000 0.0000
016610 1.0000 0.0000 0.0000
016620 1.0000 0.0000 0.0000
016630 1.0000 0.0000 0.0000
016640 1.0000 0.0000 0.0000
016650 1.0000 0.0000 0.0000
016660 1.0000 0.0000 0.0000
016670 1.0000 0.0000 0.0000
016680 1.0000 0.0000 0.0000
016690 1.0000 0.0000 0.0000
016700 1.0000 0.0000 0.0000
016710 1.0000 0.0000 0.0000
016720 1.0000 0.0000 0.0000
016730 1.0000 0.0000 0.0000
016740 1.0000 0.0000 0.0000
016750 1.0000 0.0000 0.0000
016760 1.0000 0.0000 0.0000
016770 1.0000 0.0000 0.0000
016780 1.0000 0.0000 0.0000
016790 1.0000 0.0000 0.0000
016800 1.0000 0.0000 0.0000
016810 1.0000 0.0000 0.0000
016820 1.0000 0.0000 0.0000
016830 1.0000 0.0000 0.0000
016840 1.0000 0.0000 0.0000
016850 1.0000 0.0000 0.0000
016860 1.0000 0.0000 0.0000
016870 1.0000 0.0000 0.0000
016880 1.0000 0.0000 0.0000
016890 1.0000 0.0000 0.0000
016900 1.0000 0.0000 0.0000
016910 1.0000 0.0000 0.0000
016920 1.0000 0.0000 0.0000
016930 1.0000 0.0000 0.0000
016940 1.0000 0.0000 0.0000
016950 1.0000 0.0000 0.0000
016960 1.0000 0.0000 0.0000
016970 1.0000 0.0000 0.0000
016980 1.0000 0.0000 0.0000
016990 1.0000 0.0000 0.0000
017000 1.0000 0.0000 0.0000
017010 1.0000 0.0000 0.0000
017020 1.0000 0.0000 0.0000
017030 1.0000 0.0000 0.0000
017040 1.0000 0.0000 0.0000
017050 1.0000 0.0000 0.0000
017060 1.0000 0.0000 0.0000
017070 1.0000 0.0000 0.0000
017080 1.0000 0.0000 0.0000
017090 1.0000 0.0000 0.0000
017100 1.0000 0.0000 0.0000
017110 1.0000 0.0000 0.0000
017120 1.0000 0.0000 0.0000
017130 1.0000 0.0000 0.0000
017140 1.0000 0.0000 0.0000
017150 1.0000 0.0000 0.0000
017160 1.0000 0.0000 0.0000
017170 1.0000 0.0000 0.0000
017180 1.0000 0.0000 0.0000
017190 1.0000 0.0000 0.0000
017200 1.0000 0.0000 0.0000
017210 1.0000 0.0000 0.0000
017220 1.0000 0.0000 0.0000
017230 1.0000 0.0000 0.0000
017240 1.0000 0.0000 0.0000
017250 1.0000 0.0000 0.0000
017260 1.0000 0.0000 0.0000
017270 1.0000 0.0000 0.0000
017280 1.0000 0.0000 0.0000
017290 1.0000 0.0000 0.0000
017300 1.0000 0.0000 0.0000
017310 1.0000 0.0000 0.0000
017320 1.0000 0.0000 0.0000
017330 1.0000 0.0000 0.0000
017340 1.0000 0.0000 0.0000
017350 1.0000 0.0000 0.0000
017360 1.0000 0.0000 0.0000
017370 1.0000 0.0000 0.0000
017380 1.0000 0.0000 0.0000
017390 1.0000 0.0000 0.0000
017400 1.0000 0.0000 0.0000
017410 1.0000 0.0000 0.0000
017420 1.0000 0.0000 0.0000
017430 1.0000 0.0000 0.0000
017440 1.0000 0.0000 0.0000
017450 1.0000 0.0000 0.0000
017460 1.0000 0.0000 0.0000
017470 1.0000 0.0000 0.0000
017480 1.0000 0.0000 0.0000
017490 1.0000 0.0000 0.0000
017500 1.0000 0.0000 0.0000
017510 1.0000 0.0000 0.0000
017520 1.0000 0.0000 0.0000
017530 1.0000 0.0000 0.0000
017540 1.0000 0.0000 0.0000
017550 1.0000 0.0000 0.0000
017560 1.0000 0.0000 0.0000
017570 1.0000 0.0000 0.0000
017580 1.0000 0.0000 0.0000
017590 1.0000 0.0000 0.0000
017600 1.0000 0.0000 0.0000
017610 1.0000 0.0000 0.0000
017620 1.0000 0.0000 0.0000
017630 1.0000 0.0000 0.0000
017640 1.0000 0.0000 0.0000
017650 1.0000 0.0000 0.0000
017660 1.0000 0.0000 0.0000
017670 1.0000 0.0000 0.0000
017680 1.0000 0.0000 0.0000
017690 1.0000 0.0000 0.0000
017700 1.0000 0.0000 0.0000
017710 1.0000 0.0000 0.0000
017720 1.0000 0.0000 0.0000
017730 1.0000 0.0000 0.0000
017740 1.0000 0.0000 0.0000
017750 1.0000 0.0000 0.0000
017760 1.0000 0.0000 0.0000
017770 1.0000 0.0000 0.0000
017780 1.0000 0.0000 0.0000
017790 1.0000 0.0000 0.0000
017800 1.0000 0.0000 0.0000
017810 1.0000 0.0000 0.0000
017820 1.0000 0.0000 0.0000
017830 1.0000 0.0000 0.0000
017840 1.0000 0.0000 0.0000
017850 1.0000 0.0000 0.0000
017860 1.0000 0.0000 0.0000
017870 1.0000 0.0000 0.0000
017880 1.0000 0.0000 0.0000
017890 1.0000 0.0000 0.0000
017900 1.0000 0.0000 0.0000
017910 1.0000 0.0000 0.0000
017920 1.0000 0.0000 0.0000
017930 1.0000 0.0000 0.0000
017940 1.0000 0.0000 0.0000
017950 1.0000 0.0000 0.0000
017960 1.0000 0.0000 0.0000
017970 1.0000 0.0000 0.0000
017980 1.0000 0.0000 0.0000
017990 1.0000 0.0000 0.0000
018000 1.0000 0.0000 0.0000
018010 1.0000 0.0000 0.0000
018020 1.0000 0.0000 0.0000
018030 1.0000 0.0000 0.0000
018040 1.0000 0.0000 0.0000
018050 1.0000 0.0000 0.0000
018060 1.0000 0.0000 0.0000
018070 1.0000 0.0000 0.0000
018080 1.0000 0.0000 0.0000
018090 1.0000 0.0000 0.0000
018100 1.0000 0.0000 0.0000
018110 1.0000 0.0000 0.0000
018120 1.0000 0.0000 0.0000
018130 1.0000 0.0000 0.0000
018140 1.0000 0.0000 0.0000
018150 1.0000 0.0000 0.0000
018160 1.0000 0.0000 0.0000
018170 1.0000 0.0000 0.0000
018180 1.0000 0.0000 0.0000
018190 1.0000 0.0000 0.0000
018200 1.0000 0.0000 0.0000
018210 1.0000 0.0000 0.0000
018220 1.0000 0.0000 0.0000
018230 1.0000 0.0000 0.0000
018240 1.0000 0.0000 0.0000
018250 1.0000 0.0000 0.0000
018260 1.0000 0.0000 0.0000
018270 1.0000 0.0000 0.0000
018280 1.0000 0.0000 0.0000
018290 1.0000 0.0000 0.0000
018300 1.0000 0.0000 0.0000
018310 1.0000 0.0000 0.0000
018320 1.0000 0.0000 0.0000
018330 1.0000 0.0000 0.0000
018340 1.0000 0.0000 0.0000
018350 1.0000 0.0000 0.0000
018360 1.0000 0.0000 0.0000
018370 1.0000 0.0000 0.0000
018380 1.0000 0.0000 0.0000
018390 1.0000 0.0000 0.0000
018400 1.0000 0.0000 0.0000
018410 1.0000 0.0000 0.0000
018420 1.0000 0.0000 0.0000
018430 1.0000 0.0000 0.0000
018440 1.0000 0.0000 0.0000
018450 1.0000 0.0000 0.0000
018460 1.0000 0.0000 0.0000
018470 1.0000 0.0000 0.0000
018480 1.0000 0.0000 0.0000
018490 1.0000 0.0000 0.0000
018500 1.0000 0.0000 0.0000
018510 1.0000 0.0000 0.0000
018520 1.0000 0.0000 0.0000
018530 1.0000 0.0000 0.0000
018540 1.0000 0.0000 0.0000
018550 1.0000 0.0000 0.0000
018560 1.0000 0.0000 0.0000
018570 1.0000 0.0000 0.0000
018580 1.0000 0.0000 0.0000
018590 1.0000 0.0000 0.0000
018600 1.0000 0.0000 0.0000
018610 1.0000 0.0000 0.0000
018620 1.0000 0.0000 0.0000
018630 1.0000 0.0000 0.0000
018640 1.0000 0.0000 0.0000
018650 1.0000 0.0000 0.0000
018660 1.0000 0.0000 0.0000
018670 1.0000 0.0000 0.0000
018680 1.0000 0.0000 0.0000
018690 1.0000 0.0000 0.0000
018700 1.0000 0.0000 0.0000
018710 1.0000 0.0000 0.0000
018720 1.0000 0.0000 0.0000
018730 1.0000 0.0000 0.0000
018740 1.0000 0.0000 0.0000
018750 1.0000 0.0000 0.0000
018760 1.0000 0.0000 0.0000
018770 1.0000 0.0000 0.0000
018780 1.0000 0.0000 0.0000
018790 1.0000 0.0000 0.0000
018800 1.0000 0.0000 0.0000
018810 1.0000 0.0000 0.0000
018820 1.0000 0.0000 0.0000
018830 1.0000 0.0000 0.0000
018840 1.0000 0.0000 0.0000
018850 1.0000 0.0000 0.0000
018860 1.0000 0.0000 0.0000
018870 1.0000 0.0000 0.0000
018880 1.0000 0.0000 0.0000
018890 1.0000 0.0000 0.0000
018900 1.0000 0.0000 0.0000
018910 1.0000 0.0000 0.0000
018920 1.0000 0.0000 0.0000
018930 1.0000 0.0000 0.0000
018940 1.0000 0.0000 0.0000
018950 1.0000 0.0000 0.0000
018960 1.0000 0.0000 0.0000
018970 1.0000 0.0000 0.0000
018980 1.0000 0.0000 0.0000
018990 1.0000 0.0000 0.0000
019000 1.0000 0.0000 0.0000
019010 1.0000 0.0000 0.0000
019020 1.0000 0.0000 0.0000
019030 1.0000 0.0000 0.0000
019040 1.0000 0.0000 0.0000
019050 1.0000 0.0000 0.0000
019060 1.0000 0.0000 0.0000
019070 1.0000 0.0000 0.0000
019080 1.0000 0.0000 0.0000
019090 1.0000 0.0000 0.0000
019100 1.0000 0.0000 0.0000
019110 1.0000 0.0000 0.0000
019120 1.0000 0.0000 0.0000
019130 1.0000 0.0000 0.0000
019140 1.0000 0.0000 0.0000
019150 1.0000 0.0000 0.0000
019160 1.0000 0.0000 0.0000
019170 1.0000 0.0000 0.0000
019180 1.0000 0.0000 0.0000
019190 1.0000 0.0000 0.0000
019200 1.0000 0.0000 0.0000
019210 1.0000 0.0000 0.0000
019220 1.0000 0.0000 0.0000
019230 1.0000 0.0000 0.0000
019240 1.0000 0.0000 0.0000
019250 1.0000 0.0000 0.0000
019260 1.0000 0.0000 0.0000
019270 1.0000 0.0000 0.0000
019280 1.0000 0.0000 0.0000
019290 1.0000 0.0000 0.0000
019300 1.0000 0.0000 0.0000
019310 1.0000 0.0000 0.0000
019320 1.0000 0.0000 0.0000
019330 1.0000 0.0000 0.0000
019340 1.0000 0.0000 0.0000
019350 1.0000 0.0000 0.0000
019360 1.0000 0.0000 0.0000
019370 1.0000 0.0000 0.0000
019380 1.0000 0.0000 0.0000
019390 1.0000 0.0000 0.0000
019400 1.0000 0.0000 0.0000
019410 1.0000 0.0000 0.0000
019420 1.0000 0.0000 0.0000
019430 1.0000 0.0000 0.0000
019440 1.0000 0.0000 0.0000
019450 1.0000 0.0000 0.0000
019460 1.0000 0.0000 0.0000
019470 1.0000 0.0000 0.0000
019480 1.0000 0.0000 0.0000
019490 1.0000 0.0000 0.0000
019500 1.0000 0.0000 0.0000
019510 1.0000 0.0000 0.0000
019520 1.0000 0.0000 0.0000
019530 1.0000 0.0000 0.0000
019540 1.0000 0.0000 0.0000
019550 1.0000 0.0000 0.0000
019560 1.0000 0.0000 0.0000
019570 1.0000 0.0000 0.0000
019580 1.0000 0.0000 0.0000
019590 1.0000 0.0000 0.0000
019600 1.0000 0.0000 0.0000
019610 1.0000 0.0000 0.0000
019620 1.0000 0.0000 0.0000
019630 1.0000 0.0000 0.0000
019640 1.0000 0.0000 0.0000
019650 1.0000 0.0000 0.0000
019660 1.0000 0.0000 0.0000
019670 1.0000 0.0000 0.0000
019680 1.0000 0.0000 0.0000
019690 1.0000 0.0000 0.0000
019700 1.0000 0.0000 0.0000
019710 1.0000 0.0000 0.0000
019720 1.0000 0.0000 0.0000
019730 1.0000 0.0000 0.0000
019740 1.0000 0.0000 0.0000
019750 1.0000 0.0000 0.0000
019760 1.0000 0.0000 0.0000
019770 1.0000 0.0000 0.0000
019780 1.0000 0.0000 0.0000
019790 1.0000 0.0000 0.0000
019800 1.0000 0.0000 0.0000
019810 1.0000 0.0000 0.0000
019820 1.0000 0.0000 0.0000
019830 1.0000 0.0000 0.0000
019840 1.0000 0.0000 0.0000
019850 1.0000 0.0000 0.0000
019860 1.0000 0.0000 0.0000
019870 1.0000 0.0000 0.0000
019880 1.0000 0.0000 0.0000
019890 1.0000 0.0000 0.0000
019900 1.0000 0.0000 0.0000
019910 1.0000 0.0000 0.0000
019920 1.0000 0.0000 0.0000
019930 1.0000 0.0000 0.0000
019940 1.0000 0.0000 0.0000
019950 1.0000 0.0000 0.0000
019960 1.0000 0.0000 0.0000
019970 1.0000 0.0000 0.0000
019980 1.0000 0.0000 0.0000
019990 1.0000 0.0000 0.0000
020000 1.0000 0.0000 0.0000
