000000 0.3333 0.3326 0.3341
000010 0.3406 0.3368 0.3226
000020 0.3769 0.3567 0.2665
000030 0.4558 0.3844 0.1598
000040 0.5667 0.3746 0.0587
000050 0.6827 0.3024 0.0149
000060 0.7918 0.2026 0.0056
000070 0.8883 0.1069 0.0048
000080 0.9522 0.0424 0.0054
000090 0.9800 0.0128 0.0072
000100 0.9866 0.0040 0.0094
000110 0.9847 0.0037 0.0116
000120 0.9811 0.0057 0.0133
000130 0.9779 0.0070 0.0150
000140 0.9751 0.0091 0.0158
000150 0.9731 0.0107 0.0162
000160 0.9711 0.0115 0.0174
000170 0.9690 0.0118 0.0192
000180 0.9671 0.0116 0.0214
000190 0.9646 0.0117 0.0237
000200 0.9609 0.0145 0.0247
000210 0.9580 0.0172 0.0248
000220 0.9566 0.0185 0.0249
000230 0.9557 0.0187 0.0257
000240 0.9542 0.0180 0.0278
000250 0.9522 0.0179 0.0299
000260 0.9501 0.0186 0.0314
000270 0.9470 0.0203 0.0327
000280 0.9448 0.0218 0.0335
000290 0.9423 0.0230 0.0347
000300 0.9390 0.0241 0.0369
000310 0.9363 0.0250 0.0387
000320 0.9340 0.0259 0.0401
000330 0.9312 0.0267 0.0421
000340 0.9283 0.0274 0.0443
000350 0.9238 0.0286 0.0476
000360 0.9191 0.0306 0.0503
000370 0.9147 0.0316 0.0536
000380 0.9091 0.0346 0.0564
000390 0.9040 0.0385 0.0575
000400 0.9011 0.0417 0.0572
000410 0.8995 0.0432 0.0573
000420 0.8983 0.0442 0.0576
000430 0.8980 0.0450 0.0570
000440 0.8987 0.0440 0.0573
000450 0.8992 0.0430 0.0578
000460 0.8993 0.0426 0.0582
000470 0.8976 0.0427 0.0597
000480 0.8950 0.0419 0.0631
000490 0.8916 0.0431 0.0653
000500 0.8877 0.0440 0.0684
000510 0.8825 0.0447 0.0727
000520 0.8764 0.0476 0.0760
000530 0.8718 0.0504 0.0778
000540 0.8681 0.0530 0.0789
000550 0.8656 0.0570 0.0774
000560 0.8645 0.0609 0.0745
000570 0.8686 0.0603 0.0712
000580 0.8729 0.0583 0.0689
000590 0.8783 0.0550 0.0667
000600 0.8811 0.0523 0.0665
000610 0.8799 0.0503 0.0698
000620 0.8774 0.0498 0.0727
000630 0.8744 0.0503 0.0753
000640 0.8705 0.0524 0.0771
000650 0.8678 0.0558 0.0764
000660 0.8687 0.0547 0.0767
000670 0.8683 0.0533 0.0785
000680 0.8660 0.0538 0.0802
000690 0.8632 0.0534 0.0833
000700 0.8615 0.0549 0.0836
000710 0.8593 0.0580 0.0827
000720 0.8571 0.0608 0.0821
000730 0.8560 0.0615 0.0824
000740 0.8557 0.0612 0.0831
000750 0.8561 0.0607 0.0832
000760 0.8570 0.0590 0.0840
000770 0.8564 0.0602 0.0835
000780 0.8555 0.0604 0.0842
000790 0.8551 0.0612 0.0837
000800 0.8555 0.0626 0.0819
000810 0.8571 0.0631 0.0798
000820 0.8594 0.0631 0.0775
000830 0.8620 0.0602 0.0778
000840 0.8643 0.0548 0.0809
000850 0.8624 0.0545 0.0831
000860 0.8605 0.0573 0.0822
000870 0.8598 0.0586 0.0816
000880 0.8587 0.0587 0.0827
000890 0.8575 0.0581 0.0844
000900 0.8542 0.0606 0.0853
000910 0.8519 0.0617 0.0864
000920 0.8501 0.0611 0.0888
000930 0.8474 0.0631 0.0895
000940 0.8466 0.0651 0.0883
000950 0.8471 0.0676 0.0854
000960 0.8511 0.0656 0.0833
000970 0.8521 0.0646 0.0833
000980 0.8537 0.0645 0.0818
000990 0.8544 0.0651 0.0805
001000 0.8561 0.0636 0.0803
001010 0.8593 0.0603 0.0804
001020 0.8617 0.0573 0.0811
001030 0.8612 0.0579 0.0808
001040 0.8592 0.0591 0.0817
001050 0.8588 0.0588 0.0824
001060 0.8581 0.0580 0.0839
001070 0.8552 0.0597 0.0851
001080 0.8550 0.0604 0.0846
001090 0.8561 0.0609 0.0830
001100 0.8566 0.0600 0.0834
001110 0.8565 0.0602 0.0834
001120 0.8550 0.0613 0.0837
001130 0.8563 0.0601 0.0836
001140 0.8567 0.0605 0.0828
001150 0.8574 0.0605 0.0821
001160 0.8563 0.0601 0.0836
001170 0.8561 0.0592 0.0847
001180 0.8547 0.0588 0.0866
001190 0.8544 0.0590 0.0866
001200 0.8554 0.0607 0.0839
001210 0.8569 0.0626 0.0805
001220 0.8596 0.0620 0.0784
001230 0.8628 0.0583 0.0789
001240 0.8626 0.0568 0.0806
001250 0.8587 0.0593 0.0820
001260 0.8557 0.0617 0.0826
001270 0.8559 0.0631 0.0811
001280 0.8586 0.0609 0.0805
001290 0.8607 0.0586 0.0807
001300 0.8604 0.0583 0.0812
001310 0.8601 0.0585 0.0814
001320 0.8588 0.0583 0.0829
001330 0.8558 0.0590 0.0852
001340 0.8541 0.0598 0.0861
001350 0.8521 0.0619 0.0860
001360 0.8513 0.0635 0.0852
001370 0.8513 0.0637 0.0850
001380 0.8552 0.0601 0.0847
001390 0.8549 0.0606 0.0845
001400 0.8544 0.0612 0.0844
001410 0.8532 0.0635 0.0834
001420 0.8541 0.0629 0.0830
001430 0.8545 0.0631 0.0824
001440 0.8550 0.0636 0.0814
001450 0.8552 0.0614 0.0834
001460 0.8556 0.0609 0.0835
001470 0.8555 0.0610 0.0835
001480 0.8549 0.0615 0.0836
001490 0.8561 0.0615 0.0824
001500 0.8564 0.0606 0.0830
001510 0.8570 0.0591 0.0839
001520 0.8567 0.0601 0.0831
001530 0.8577 0.0613 0.0811
001540 0.8597 0.0614 0.0789
001550 0.8630 0.0603 0.0767
001560 0.8643 0.0598 0.0759
001570 0.8649 0.0576 0.0775
001580 0.8650 0.0557 0.0793
001590 0.8616 0.0566 0.0818
001600 0.8599 0.0576 0.0825
001610 0.8576 0.0583 0.0841
001620 0.8540 0.0594 0.0866
001630 0.8499 0.0616 0.0885
001640 0.8469 0.0630 0.0901
001650 0.8467 0.0638 0.0895
001660 0.8479 0.0657 0.0864
001670 0.8501 0.0676 0.0824
001680 0.8532 0.0684 0.0784
001690 0.8589 0.0662 0.0748
001700 0.8671 0.0610 0.0719
001710 0.8726 0.0561 0.0713
001720 0.8755 0.0512 0.0732
001730 0.8755 0.0481 0.0764
001740 0.8722 0.0490 0.0788
001750 0.8664 0.0531 0.0805
001760 0.8611 0.0575 0.0814
001770 0.8586 0.0587 0.0827
001780 0.8589 0.0595 0.0815
001790 0.8604 0.0603 0.0793
001800 0.8623 0.0593 0.0784
001810 0.8648 0.0559 0.0792
001820 0.8632 0.0573 0.0795
001830 0.8624 0.0584 0.0792
001840 0.8617 0.0578 0.0805
001850 0.8610 0.0575 0.0815
001860 0.8586 0.0573 0.0841
001870 0.8565 0.0566 0.0868
001880 0.8529 0.0591 0.0881
001890 0.8504 0.0631 0.0865
001900 0.8499 0.0663 0.0839
001910 0.8529 0.0647 0.0824
001920 0.8542 0.0624 0.0834
001930 0.8550 0.0599 0.0852
001940 0.8538 0.0594 0.0868
001950 0.8523 0.0605 0.0872
001960 0.8500 0.0639 0.0861
001970 0.8488 0.0659 0.0853
001980 0.8480 0.0664 0.0855
001990 0.8501 0.0661 0.0838
002000 0.8537 0.0643 0.0820
002010 0.8552 0.0620 0.0828
002020 0.8548 0.0610 0.0842
002030 0.8529 0.0613 0.0858
002040 0.8520 0.0604 0.0876
002050 0.8496 0.0612 0.0891
002060 0.8506 0.0637 0.0857
002070 0.8508 0.0655 0.0838
002080 0.8504 0.0671 0.0825
002090 0.8512 0.0661 0.0827
002100 0.8527 0.0636 0.0837
002110 0.8546 0.0626 0.0828
002120 0.8557 0.0607 0.0836
002130 0.8552 0.0598 0.0850
002140 0.8520 0.0617 0.0863
002150 0.8492 0.0636 0.0872
002160 0.8493 0.0620 0.0887
002170 0.8477 0.0604 0.0919
002180 0.8438 0.0621 0.0942
002190 0.8395 0.0656 0.0948
002200 0.8372 0.0692 0.0936
002210 0.8386 0.0701 0.0914
002220 0.8411 0.0703 0.0885
002230 0.8443 0.0692 0.0865
002240 0.8476 0.0677 0.0847
002250 0.8507 0.0662 0.0831
002260 0.8509 0.0658 0.0832
002270 0.8507 0.0657 0.0836
002280 0.8523 0.0626 0.0852
002290 0.8533 0.0604 0.0864
002300 0.8533 0.0605 0.0862
002310 0.8514 0.0615 0.0870
002320 0.8482 0.0632 0.0886
002330 0.8466 0.0641 0.0893
002340 0.8458 0.0633 0.0909
002350 0.8445 0.0643 0.0912
002360 0.8429 0.0665 0.0906
002370 0.8420 0.0683 0.0897
002380 0.8431 0.0680 0.0889
002390 0.8454 0.0669 0.0876
002400 0.8476 0.0668 0.0856
002410 0.8498 0.0660 0.0842
002420 0.8521 0.0634 0.0845
002430 0.8541 0.0614 0.0845
002440 0.8539 0.0608 0.0853
002450 0.8535 0.0598 0.0867
002460 0.8521 0.0595 0.0884
002470 0.8496 0.0611 0.0894
002480 0.8470 0.0645 0.0885
002490 0.8450 0.0672 0.0877
002500 0.8468 0.0678 0.0854
002510 0.8492 0.0668 0.0841
002520 0.8517 0.0643 0.0840
002530 0.8524 0.0616 0.0860
002540 0.8522 0.0577 0.0901
002550 0.8471 0.0598 0.0931
002560 0.8418 0.0653 0.0929
002570 0.8379 0.0687 0.0934
002580 0.8362 0.0720 0.0918
002590 0.8380 0.0717 0.0903
002600 0.8397 0.0726 0.0877
002610 0.8426 0.0735 0.0839
002620 0.8490 0.0697 0.0812
002630 0.8569 0.0643 0.0787
002640 0.8606 0.0601 0.0792
002650 0.8624 0.0577 0.0799
002660 0.8602 0.0577 0.0821
002670 0.8574 0.0569 0.0857
002680 0.8539 0.0568 0.0894
002690 0.8487 0.0609 0.0904
002700 0.8454 0.0645 0.0901
002710 0.8439 0.0672 0.0889
002720 0.8438 0.0679 0.0883
002730 0.8460 0.0647 0.0893
002740 0.8483 0.0635 0.0882
002750 0.8500 0.0634 0.0866
002760 0.8520 0.0666 0.0815
002770 0.8579 0.0662 0.0760
002780 0.8647 0.0625 0.0728
002790 0.8704 0.0585 0.0711
002800 0.8722 0.0561 0.0718
002810 0.8718 0.0535 0.0747
002820 0.8703 0.0520 0.0777
002830 0.8663 0.0537 0.0800
002840 0.8639 0.0547 0.0814
002850 0.8622 0.0555 0.0823
002860 0.8595 0.0585 0.0820
002870 0.8605 0.0604 0.0791
002880 0.8627 0.0595 0.0778
002890 0.8638 0.0586 0.0776
002900 0.8627 0.0571 0.0802
002910 0.8614 0.0544 0.0843
002920 0.8564 0.0545 0.0891
002930 0.8508 0.0585 0.0906
002940 0.8453 0.0623 0.0924
002950 0.8421 0.0655 0.0925
002960 0.8408 0.0690 0.0902
002970 0.8401 0.0716 0.0883
002980 0.8439 0.0681 0.0880
002990 0.8468 0.0669 0.0864
003000 0.8500 0.0654 0.0846
003010 0.8540 0.0625 0.0835
003020 0.8551 0.0608 0.0841
003030 0.8539 0.0629 0.0832
003040 0.8537 0.0649 0.0814
003050 0.8566 0.0659 0.0775
003060 0.8602 0.0629 0.0769
003070 0.8644 0.0575 0.0780
003080 0.8654 0.0539 0.0807
003090 0.8628 0.0545 0.0828
003100 0.8587 0.0560 0.0853
003110 0.8526 0.0593 0.0880
003120 0.8483 0.0621 0.0897
003130 0.8450 0.0646 0.0904
003140 0.8414 0.0678 0.0907
003150 0.8422 0.0682 0.0897
003160 0.8448 0.0671 0.0881
003170 0.8476 0.0641 0.0883
003180 0.8482 0.0625 0.0893
003190 0.8477 0.0632 0.0891
003200 0.8462 0.0646 0.0892
003210 0.8444 0.0655 0.0901
003220 0.8441 0.0651 0.0908
003230 0.8435 0.0651 0.0914
003240 0.8420 0.0656 0.0925
003250 0.8408 0.0674 0.0919
003260 0.8391 0.0709 0.0900
003270 0.8416 0.0729 0.0856
003280 0.8457 0.0709 0.0834
003290 0.8507 0.0680 0.0812
003300 0.8560 0.0634 0.0806
003310 0.8594 0.0593 0.0813
003320 0.8608 0.0579 0.0812
003330 0.8603 0.0576 0.0821
003340 0.8584 0.0582 0.0834
003350 0.8571 0.0599 0.0829
003360 0.8580 0.0596 0.0824
003370 0.8571 0.0605 0.0824
003380 0.8561 0.0601 0.0838
003390 0.8543 0.0591 0.0866
003400 0.8502 0.0602 0.0895
003410 0.8460 0.0623 0.0918
003420 0.8426 0.0645 0.0929
003430 0.8405 0.0661 0.0934
003440 0.8382 0.0691 0.0927
003450 0.8385 0.0712 0.0903
003460 0.8404 0.0713 0.0883
003470 0.8448 0.0688 0.0864
003480 0.8483 0.0660 0.0857
003490 0.8511 0.0652 0.0837
003500 0.8518 0.0662 0.0820
003510 0.8531 0.0642 0.0827
003520 0.8552 0.0616 0.0833
003530 0.8560 0.0585 0.0854
003540 0.8554 0.0581 0.0865
003550 0.8522 0.0587 0.0891
003560 0.8482 0.0607 0.0911
003570 0.8469 0.0618 0.0913
003580 0.8460 0.0627 0.0913
003590 0.8441 0.0653 0.0906
003600 0.8430 0.0678 0.0891
003610 0.8425 0.0689 0.0886
003620 0.8436 0.0672 0.0893
003630 0.8444 0.0643 0.0913
003640 0.8457 0.0637 0.0906
003650 0.8458 0.0624 0.0919
003660 0.8456 0.0620 0.0924
003670 0.8447 0.0638 0.0915
003680 0.8426 0.0655 0.0918
003690 0.8417 0.0673 0.0910
003700 0.8422 0.0674 0.0903
003710 0.8431 0.0652 0.0917
003720 0.8407 0.0652 0.0941
003730 0.8371 0.0673 0.0957
003740 0.8330 0.0705 0.0965
003750 0.8314 0.0734 0.0952
003760 0.8343 0.0731 0.0926
003770 0.8382 0.0720 0.0898
003780 0.8411 0.0715 0.0874
003790 0.8451 0.0684 0.0865
003800 0.8472 0.0661 0.0868
003810 0.8509 0.0645 0.0845
003820 0.8538 0.0624 0.0838
003830 0.8530 0.0616 0.0853
003840 0.8528 0.0616 0.0856
003850 0.8513 0.0614 0.0872
003860 0.8499 0.0618 0.0883
003870 0.8481 0.0643 0.0876
003880 0.8489 0.0656 0.0855
003890 0.8518 0.0656 0.0826
003900 0.8555 0.0640 0.0805
003910 0.8592 0.0618 0.0790
003920 0.8628 0.0588 0.0784
003930 0.8637 0.0575 0.0788
003940 0.8616 0.0595 0.0789
003950 0.8610 0.0600 0.0789
003960 0.8601 0.0585 0.0814
003970 0.8594 0.0585 0.0822
003980 0.8575 0.0607 0.0817
003990 0.8583 0.0623 0.0794
004000 0.8615 0.0591 0.0794
004010 0.8639 0.0577 0.0784
004020 0.8655 0.0568 0.0777
004030 0.8658 0.0571 0.0770
004040 0.8662 0.0552 0.0786
004050 0.8644 0.0549 0.0806
004060 0.8619 0.0546 0.0835
004070 0.8583 0.0565 0.0851
004080 0.8569 0.0580 0.0851
004090 0.8549 0.0610 0.0841
004100 0.8553 0.0642 0.0805
004110 0.8571 0.0634 0.0795
004120 0.8577 0.0614 0.0809
004130 0.8583 0.0604 0.0813
004140 0.8590 0.0581 0.0830
004150 0.8570 0.0573 0.0858
004160 0.8529 0.0581 0.0890
004170 0.8472 0.0612 0.0916
004180 0.8428 0.0649 0.0923
004190 0.8421 0.0680 0.0899
004200 0.8435 0.0692 0.0873
004210 0.8443 0.0683 0.0875
004220 0.8462 0.0664 0.0875
004230 0.8454 0.0661 0.0885
004240 0.8452 0.0655 0.0893
004250 0.8439 0.0651 0.0909
004260 0.8419 0.0674 0.0908
004270 0.8432 0.0683 0.0885
004280 0.8450 0.0681 0.0868
004290 0.8494 0.0662 0.0845
004300 0.8530 0.0636 0.0834
004310 0.8534 0.0626 0.0840
004320 0.8531 0.0619 0.0850
004330 0.8516 0.0611 0.0873
004340 0.8497 0.0616 0.0886
004350 0.8474 0.0634 0.0892
004360 0.8471 0.0643 0.0886
004370 0.8470 0.0670 0.0860
004380 0.8464 0.0686 0.0850
004390 0.8497 0.0659 0.0844
004400 0.8519 0.0626 0.0856
004410 0.8511 0.0620 0.0868
004420 0.8505 0.0623 0.0872
004430 0.8487 0.0640 0.0873
004440 0.8500 0.0642 0.0858
004450 0.8514 0.0630 0.0856
004460 0.8523 0.0626 0.0851
004470 0.8521 0.0623 0.0855
004480 0.8519 0.0614 0.0867
004490 0.8508 0.0613 0.0879
004500 0.8503 0.0617 0.0880
004510 0.8492 0.0638 0.0870
004520 0.8486 0.0652 0.0862
004530 0.8489 0.0653 0.0858
004540 0.8508 0.0643 0.0849
004550 0.8527 0.0626 0.0847
004560 0.8530 0.0620 0.0849
004570 0.8532 0.0634 0.0834
004580 0.8538 0.0638 0.0824
004590 0.8552 0.0645 0.0803
004600 0.8577 0.0615 0.0808
004610 0.8584 0.0595 0.0821
004620 0.8584 0.0592 0.0824
004630 0.8570 0.0599 0.0830
004640 0.8567 0.0593 0.0840
004650 0.8556 0.0599 0.0845
004660 0.8553 0.0605 0.0842
004670 0.8532 0.0626 0.0842
004680 0.8529 0.0638 0.0833
004690 0.8531 0.0649 0.0821
004700 0.8569 0.0623 0.0808
004710 0.8584 0.0596 0.0820
004720 0.8591 0.0572 0.0838
004730 0.8563 0.0571 0.0865
004740 0.8517 0.0584 0.0899
004750 0.8475 0.0603 0.0921
004760 0.8428 0.0636 0.0936
004770 0.8399 0.0661 0.0940
004780 0.8382 0.0693 0.0925
004790 0.8386 0.0710 0.0904
004800 0.8387 0.0737 0.0876
004810 0.8417 0.0724 0.0860
004820 0.8466 0.0677 0.0857
004830 0.8508 0.0641 0.0851
004840 0.8526 0.0636 0.0838
004850 0.8537 0.0626 0.0837
004860 0.8540 0.0627 0.0833
004870 0.8541 0.0631 0.0828
004880 0.8538 0.0625 0.0837
004890 0.8538 0.0615 0.0847
004900 0.8542 0.0605 0.0853
004910 0.8553 0.0592 0.0855
004920 0.8565 0.0585 0.0850
004930 0.8553 0.0596 0.0851
004940 0.8533 0.0619 0.0848
004950 0.8529 0.0632 0.0839
004960 0.8534 0.0633 0.0834
004970 0.8539 0.0625 0.0836
004980 0.8547 0.0619 0.0833
004990 0.8559 0.0607 0.0834
005000 0.8564 0.0592 0.0845
005010 0.8557 0.0605 0.0838
005020 0.8572 0.0588 0.0840
005030 0.8565 0.0570 0.0865
005040 0.8543 0.0583 0.0874
005050 0.8509 0.0601 0.0890
005060 0.8471 0.0625 0.0903
005070 0.8433 0.0659 0.0908
005080 0.8422 0.0676 0.0901
005090 0.8419 0.0698 0.0882
005100 0.8438 0.0689 0.0873
005110 0.8459 0.0657 0.0884
005120 0.8463 0.0648 0.0890
005130 0.8451 0.0663 0.0886
005140 0.8442 0.0670 0.0888
005150 0.8447 0.0673 0.0880
005160 0.8466 0.0670 0.0865
005170 0.8489 0.0651 0.0860
005180 0.8499 0.0652 0.0849
005190 0.8507 0.0656 0.0837
005200 0.8528 0.0645 0.0827
005210 0.8558 0.0634 0.0808
005220 0.8595 0.0622 0.0783
005230 0.8621 0.0620 0.0759
005240 0.8638 0.0605 0.0757
005250 0.8665 0.0569 0.0766
005260 0.8670 0.0549 0.0781
005270 0.8644 0.0542 0.0814
005280 0.8602 0.0575 0.0823
005290 0.8580 0.0592 0.0828
005300 0.8578 0.0595 0.0827
005310 0.8561 0.0603 0.0835
005320 0.8549 0.0617 0.0834
005330 0.8564 0.0607 0.0829
005340 0.8594 0.0602 0.0804
005350 0.8632 0.0582 0.0786
005360 0.8655 0.0575 0.0770
005370 0.8655 0.0561 0.0784
005380 0.8636 0.0567 0.0797
005390 0.8629 0.0574 0.0796
005400 0.8619 0.0581 0.0800
005410 0.8613 0.0577 0.0810
005420 0.8601 0.0574 0.0825
005430 0.8575 0.0581 0.0844
005440 0.8547 0.0606 0.0846
005450 0.8525 0.0655 0.0821
005460 0.8539 0.0665 0.0796
005470 0.8556 0.0656 0.0788
005480 0.8596 0.0617 0.0787
005490 0.8612 0.0580 0.0808
005500 0.8623 0.0571 0.0805
005510 0.8612 0.0587 0.0801
005520 0.8585 0.0618 0.0798
005530 0.8582 0.0614 0.0804
005540 0.8565 0.0605 0.0830
005550 0.8542 0.0621 0.0837
005560 0.8521 0.0631 0.0848
005570 0.8519 0.0629 0.0852
005580 0.8521 0.0617 0.0862
005590 0.8505 0.0615 0.0881
005600 0.8492 0.0618 0.0891
005610 0.8469 0.0631 0.0900
005620 0.8464 0.0650 0.0886
005630 0.8472 0.0659 0.0868
005640 0.8499 0.0645 0.0856
005650 0.8507 0.0637 0.0856
005660 0.8500 0.0673 0.0828
005670 0.8524 0.0683 0.0793
005680 0.8587 0.0645 0.0767
005690 0.8632 0.0609 0.0759
005700 0.8648 0.0567 0.0785
005710 0.8639 0.0538 0.0823
005720 0.8610 0.0535 0.0855
005730 0.8564 0.0560 0.0875
005740 0.8517 0.0602 0.0880
005750 0.8473 0.0642 0.0884
005760 0.8435 0.0667 0.0897
005770 0.8440 0.0677 0.0884
005780 0.8431 0.0681 0.0888
005790 0.8429 0.0658 0.0912
005800 0.8414 0.0658 0.0927
005810 0.8399 0.0671 0.0931
005820 0.8393 0.0678 0.0930
005830 0.8385 0.0694 0.0921
005840 0.8397 0.0697 0.0907
005850 0.8415 0.0710 0.0875
005860 0.8468 0.0693 0.0839
005870 0.8533 0.0659 0.0808
005880 0.8590 0.0619 0.0790
005890 0.8614 0.0581 0.0805
005900 0.8609 0.0568 0.0823
005910 0.8567 0.0562 0.0872
005920 0.8527 0.0573 0.0900
005930 0.8478 0.0602 0.0920
005940 0.8442 0.0614 0.0943
005950 0.8424 0.0624 0.0952
005960 0.8388 0.0656 0.0956
005970 0.8370 0.0688 0.0942
005980 0.8378 0.0711 0.0911
005990 0.8419 0.0701 0.0881
006000 0.8469 0.0681 0.0850
006010 0.8510 0.0668 0.0821
006020 0.8532 0.0653 0.0816
006030 0.8556 0.0626 0.0818
006040 0.8574 0.0605 0.0821
006050 0.8552 0.0595 0.0853
006060 0.8536 0.0587 0.0877
006070 0.8486 0.0612 0.0902
006080 0.8437 0.0650 0.0913
006090 0.8414 0.0702 0.0885
006100 0.8425 0.0715 0.0860
006110 0.8471 0.0693 0.0836
006120 0.8532 0.0664 0.0804
006130 0.8576 0.0624 0.0801
006140 0.8593 0.0578 0.0829
006150 0.8574 0.0560 0.0866
006160 0.8532 0.0577 0.0891
006170 0.8482 0.0620 0.0899
006180 0.8443 0.0656 0.0901
006190 0.8437 0.0666 0.0897
006200 0.8433 0.0677 0.0890
006210 0.8461 0.0679 0.0860
006220 0.8485 0.0662 0.0853
006230 0.8502 0.0640 0.0858
006240 0.8492 0.0655 0.0853
006250 0.8511 0.0646 0.0843
006260 0.8535 0.0631 0.0834
006270 0.8562 0.0623 0.0815
006280 0.8587 0.0621 0.0791
006290 0.8608 0.0619 0.0772
006300 0.8634 0.0610 0.0756
006310 0.8668 0.0576 0.0756
006320 0.8682 0.0549 0.0769
006330 0.8674 0.0534 0.0791
006340 0.8639 0.0544 0.0817
006350 0.8605 0.0551 0.0844
006360 0.8562 0.0572 0.0866
006370 0.8534 0.0585 0.0881
006380 0.8501 0.0635 0.0864
006390 0.8503 0.0654 0.0843
006400 0.8538 0.0641 0.0821
006410 0.8563 0.0626 0.0811
006420 0.8566 0.0607 0.0828
006430 0.8554 0.0603 0.0843
006440 0.8541 0.0605 0.0854
006450 0.8533 0.0605 0.0862
006460 0.8520 0.0616 0.0864
006470 0.8520 0.0615 0.0865
006480 0.8516 0.0599 0.0885
006490 0.8474 0.0612 0.0914
006500 0.8452 0.0638 0.0910
006510 0.8432 0.0661 0.0907
006520 0.8433 0.0661 0.0906
006530 0.8434 0.0669 0.0897
006540 0.8436 0.0683 0.0881
006550 0.8449 0.0685 0.0866
006560 0.8491 0.0661 0.0848
006570 0.8499 0.0652 0.0849
006580 0.8500 0.0651 0.0849
006590 0.8509 0.0642 0.0848
006600 0.8518 0.0632 0.0850
006610 0.8534 0.0626 0.0840
006620 0.8549 0.0631 0.0820
006630 0.8560 0.0618 0.0822
006640 0.8565 0.0601 0.0834
006650 0.8560 0.0607 0.0833
006660 0.8555 0.0596 0.0849
006670 0.8533 0.0597 0.0870
006680 0.8495 0.0617 0.0888
006690 0.8475 0.0649 0.0876
006700 0.8468 0.0659 0.0874
006710 0.8473 0.0648 0.0879
006720 0.8492 0.0623 0.0885
006730 0.8491 0.0611 0.0898
006740 0.8477 0.0626 0.0897
006750 0.8492 0.0648 0.0860
006760 0.8494 0.0676 0.0830
006770 0.8500 0.0681 0.0819
006780 0.8522 0.0660 0.0818
006790 0.8535 0.0624 0.0840
006800 0.8545 0.0600 0.0855
006810 0.8535 0.0607 0.0858
006820 0.8521 0.0627 0.0852
006830 0.8517 0.0650 0.0833
006840 0.8521 0.0648 0.0832
006850 0.8550 0.0626 0.0824
006860 0.8574 0.0599 0.0827
006870 0.8584 0.0592 0.0824
006880 0.8579 0.0607 0.0814
006890 0.8589 0.0608 0.0802
006900 0.8593 0.0595 0.0812
006910 0.8581 0.0607 0.0812
006920 0.8584 0.0602 0.0814
006930 0.8590 0.0587 0.0823
006940 0.8584 0.0593 0.0823
006950 0.8577 0.0598 0.0826
006960 0.8579 0.0591 0.0831
006970 0.8565 0.0605 0.0830
006980 0.8552 0.0614 0.0834
006990 0.8551 0.0607 0.0842
007000 0.8563 0.0597 0.0840
007010 0.8552 0.0598 0.0849
007020 0.8554 0.0610 0.0836
007030 0.8549 0.0625 0.0826
007040 0.8551 0.0620 0.0829
007050 0.8549 0.0597 0.0854
007060 0.8539 0.0592 0.0869
007070 0.8508 0.0615 0.0877
007080 0.8477 0.0637 0.0886
007090 0.8434 0.0669 0.0898
007100 0.8412 0.0679 0.0909
007110 0.8413 0.0678 0.0909
007120 0.8445 0.0671 0.0884
007130 0.8478 0.0685 0.0836
007140 0.8513 0.0695 0.0792
007150 0.8560 0.0689 0.0751
007160 0.8611 0.0652 0.0738
007170 0.8670 0.0594 0.0736
007180 0.8715 0.0537 0.0748
007190 0.8721 0.0507 0.0772
007200 0.8701 0.0512 0.0787
007210 0.8658 0.0540 0.0802
007220 0.8637 0.0571 0.0791
007230 0.8627 0.0595 0.0778
007240 0.8634 0.0601 0.0765
007250 0.8637 0.0610 0.0753
007260 0.8643 0.0607 0.0750
007270 0.8655 0.0590 0.0755
007280 0.8654 0.0580 0.0767
007290 0.8647 0.0563 0.0790
007300 0.8623 0.0576 0.0801
007310 0.8621 0.0578 0.0801
007320 0.8634 0.0560 0.0806
007330 0.8625 0.0561 0.0814
007340 0.8607 0.0574 0.0820
007350 0.8594 0.0571 0.0835
007360 0.8565 0.0593 0.0842
007370 0.8558 0.0603 0.0839
007380 0.8536 0.0616 0.0848
007390 0.8534 0.0621 0.0845
007400 0.8536 0.0621 0.0843
007410 0.8551 0.0613 0.0837
007420 0.8557 0.0614 0.0829
007430 0.8556 0.0636 0.0809
007440 0.8592 0.0629 0.0779
007450 0.8634 0.0600 0.0766
007460 0.8649 0.0567 0.0784
007470 0.8642 0.0567 0.0791
007480 0.8643 0.0562 0.0795
007490 0.8639 0.0558 0.0803
007500 0.8622 0.0570 0.0807
007510 0.8590 0.0575 0.0835
007520 0.8566 0.0577 0.0857
007530 0.8551 0.0578 0.0871
007540 0.8537 0.0598 0.0866
007550 0.8519 0.0624 0.0858
007560 0.8528 0.0629 0.0843
007570 0.8530 0.0622 0.0848
007580 0.8546 0.0609 0.0844
007590 0.8541 0.0621 0.0839
007600 0.8545 0.0631 0.0824
007610 0.8543 0.0636 0.0821
007620 0.8567 0.0612 0.0821
007630 0.8577 0.0593 0.0830
007640 0.8554 0.0619 0.0828
007650 0.8553 0.0624 0.0823
007660 0.8546 0.0616 0.0838
007670 0.8540 0.0620 0.0840
007680 0.8545 0.0628 0.0826
007690 0.8549 0.0637 0.0814
007700 0.8570 0.0620 0.0811
007710 0.8575 0.0600 0.0825
007720 0.8565 0.0593 0.0842
007730 0.8542 0.0601 0.0856
007740 0.8532 0.0616 0.0851
007750 0.8525 0.0618 0.0857
007760 0.8499 0.0614 0.0887
007770 0.8472 0.0606 0.0922
007780 0.8435 0.0611 0.0954
007790 0.8390 0.0649 0.0961
007800 0.8352 0.0704 0.0943
007810 0.8357 0.0721 0.0922
007820 0.8379 0.0726 0.0895
007830 0.8417 0.0712 0.0871
007840 0.8455 0.0694 0.0851
007850 0.8493 0.0668 0.0839
007860 0.8521 0.0657 0.0822
007870 0.8549 0.0643 0.0809
007880 0.8561 0.0638 0.0802
007890 0.8592 0.0617 0.0791
007900 0.8608 0.0579 0.0813
007910 0.8603 0.0559 0.0837
007920 0.8576 0.0582 0.0842
007930 0.8549 0.0595 0.0856
007940 0.8536 0.0614 0.0850
007950 0.8535 0.0605 0.0859
007960 0.8539 0.0598 0.0863
007970 0.8525 0.0616 0.0859
007980 0.8512 0.0651 0.0837
007990 0.8520 0.0650 0.0829
008000 0.8525 0.0625 0.0850
008010 0.8529 0.0599 0.0872
008020 0.8525 0.0595 0.0880
008030 0.8509 0.0618 0.0873
008040 0.8490 0.0657 0.0853
008050 0.8510 0.0664 0.0826
008060 0.8540 0.0660 0.0800
008070 0.8572 0.0636 0.0792
008080 0.8606 0.0588 0.0806
008090 0.8620 0.0579 0.0801
008100 0.8619 0.0571 0.0810
008110 0.8591 0.0586 0.0824
008120 0.8557 0.0613 0.0830
008130 0.8542 0.0627 0.0831
008140 0.8549 0.0622 0.0829
008150 0.8571 0.0611 0.0818
008160 0.8577 0.0597 0.0826
008170 0.8572 0.0593 0.0835
008180 0.8557 0.0606 0.0838
008190 0.8555 0.0610 0.0835
008200 0.8572 0.0620 0.0808
008210 0.8601 0.0599 0.0800
008220 0.8613 0.0571 0.0817
008230 0.8604 0.0569 0.0827
008240 0.8579 0.0596 0.0826
008250 0.8557 0.0622 0.0821
008260 0.8558 0.0627 0.0814
008270 0.8594 0.0617 0.0789
008280 0.8618 0.0596 0.0786
008290 0.8626 0.0588 0.0786
008300 0.8649 0.0570 0.0781
008310 0.8649 0.0562 0.0789
008320 0.8639 0.0561 0.0800
008330 0.8615 0.0593 0.0793
008340 0.8607 0.0615 0.0778
008350 0.8630 0.0597 0.0773
008360 0.8637 0.0587 0.0776
008370 0.8630 0.0578 0.0792
008380 0.8621 0.0574 0.0805
008390 0.8616 0.0564 0.0820
008400 0.8595 0.0576 0.0828
008410 0.8570 0.0599 0.0831
008420 0.8579 0.0599 0.0822
008430 0.8563 0.0597 0.0840
008440 0.8546 0.0603 0.0851
008450 0.8530 0.0606 0.0864
008460 0.8513 0.0613 0.0873
008470 0.8499 0.0626 0.0875
008480 0.8486 0.0653 0.0861
008490 0.8496 0.0661 0.0843
008500 0.8513 0.0656 0.0831
008510 0.8531 0.0638 0.0830
008520 0.8547 0.0618 0.0835
008530 0.8564 0.0605 0.0831
008540 0.8575 0.0619 0.0806
008550 0.8568 0.0625 0.0807
008560 0.8583 0.0603 0.0815
008570 0.8591 0.0591 0.0818
008580 0.8610 0.0561 0.0828
008590 0.8591 0.0574 0.0835
008600 0.8581 0.0592 0.0827
008610 0.8580 0.0604 0.0816
008620 0.8577 0.0610 0.0813
008630 0.8593 0.0604 0.0803
008640 0.8602 0.0595 0.0803
008650 0.8612 0.0574 0.0814
008660 0.8608 0.0562 0.0831
008670 0.8571 0.0594 0.0834
008680 0.8546 0.0626 0.0828
008690 0.8552 0.0637 0.0811
008700 0.8570 0.0610 0.0820
008710 0.8579 0.0575 0.0846
008720 0.8562 0.0593 0.0845
008730 0.8558 0.0603 0.0840
008740 0.8548 0.0614 0.0838
008750 0.8545 0.0612 0.0842
008760 0.8548 0.0594 0.0858
008770 0.8549 0.0593 0.0859
008780 0.8545 0.0617 0.0838
008790 0.8555 0.0627 0.0818
008800 0.8577 0.0602 0.0821
008810 0.8583 0.0600 0.0817
008820 0.8594 0.0589 0.0817
008830 0.8599 0.0584 0.0816
008840 0.8606 0.0572 0.0821
008850 0.8602 0.0582 0.0817
008860 0.8586 0.0594 0.0820
008870 0.8563 0.0609 0.0828
008880 0.8535 0.0620 0.0844
008890 0.8519 0.0639 0.0842
008900 0.8525 0.0647 0.0828
008910 0.8544 0.0636 0.0820
008920 0.8572 0.0626 0.0801
008930 0.8598 0.0589 0.0813
008940 0.8601 0.0581 0.0819
008950 0.8581 0.0603 0.0816
008960 0.8573 0.0612 0.0815
008970 0.8567 0.0610 0.0822
008980 0.8559 0.0607 0.0835
008990 0.8549 0.0591 0.0860
009000 0.8536 0.0594 0.0869
009010 0.8523 0.0598 0.0878
009020 0.8501 0.0615 0.0885
009030 0.8485 0.0615 0.0901
009040 0.8461 0.0625 0.0914
009050 0.8441 0.0650 0.0909
009060 0.8411 0.0671 0.0918
009070 0.8418 0.0676 0.0907
009080 0.8430 0.0665 0.0904
009090 0.8431 0.0667 0.0902
009100 0.8443 0.0682 0.0874
009110 0.8486 0.0665 0.0848
009120 0.8531 0.0649 0.0820
009130 0.8574 0.0619 0.0807
009140 0.8594 0.0622 0.0784
009150 0.8599 0.0612 0.0789
009160 0.8600 0.0587 0.0813
009170 0.8585 0.0581 0.0835
009180 0.8556 0.0590 0.0854
009190 0.8553 0.0575 0.0872
009200 0.8529 0.0592 0.0879
009210 0.8508 0.0629 0.0864
009220 0.8501 0.0650 0.0848
009230 0.8508 0.0664 0.0828
009240 0.8527 0.0665 0.0808
009250 0.8559 0.0646 0.0795
009260 0.8603 0.0612 0.0785
009270 0.8609 0.0591 0.0800
009280 0.8604 0.0590 0.0805
009290 0.8605 0.0582 0.0812
009300 0.8611 0.0564 0.0824
009310 0.8583 0.0577 0.0840
009320 0.8553 0.0622 0.0825
009330 0.8531 0.0637 0.0832
009340 0.8526 0.0615 0.0858
009350 0.8522 0.0577 0.0901
009360 0.8460 0.0589 0.0952
009370 0.8396 0.0637 0.0967
009380 0.8361 0.0665 0.0974
009390 0.8345 0.0685 0.0969
009400 0.8350 0.0715 0.0935
009410 0.8365 0.0747 0.0888
009420 0.8406 0.0742 0.0852
009430 0.8474 0.0690 0.0837
009440 0.8518 0.0636 0.0846
009450 0.8545 0.0607 0.0848
009460 0.8549 0.0615 0.0836
009470 0.8551 0.0639 0.0810
009480 0.8577 0.0615 0.0808
009490 0.8610 0.0585 0.0805
009500 0.8605 0.0579 0.0816
009510 0.8586 0.0590 0.0824
009520 0.8586 0.0596 0.0818
009530 0.8576 0.0608 0.0816
009540 0.8577 0.0603 0.0820
009550 0.8568 0.0580 0.0852
009560 0.8527 0.0578 0.0895
009570 0.8476 0.0601 0.0924
009580 0.8426 0.0647 0.0926
009590 0.8394 0.0696 0.0909
009600 0.8397 0.0728 0.0875
009610 0.8437 0.0710 0.0853
009620 0.8483 0.0668 0.0849
009630 0.8509 0.0626 0.0865
009640 0.8526 0.0598 0.0876
009650 0.8508 0.0614 0.0878
009660 0.8486 0.0647 0.0867
009670 0.8485 0.0657 0.0859
009680 0.8485 0.0654 0.0862
009690 0.8496 0.0640 0.0863
009700 0.8503 0.0652 0.0845
009710 0.8544 0.0647 0.0809
009720 0.8582 0.0635 0.0783
009730 0.8612 0.0617 0.0771
009740 0.8620 0.0594 0.0786
009750 0.8624 0.0579 0.0797
009760 0.8627 0.0562 0.0812
009770 0.8609 0.0570 0.0821
009780 0.8571 0.0573 0.0855
009790 0.8532 0.0583 0.0885
009800 0.8491 0.0609 0.0901
009810 0.8479 0.0624 0.0898
009820 0.8482 0.0632 0.0886
009830 0.8497 0.0644 0.0860
009840 0.8512 0.0658 0.0830
009850 0.8514 0.0660 0.0826
009860 0.8527 0.0627 0.0846
009870 0.8538 0.0603 0.0859
009880 0.8540 0.0597 0.0863
009890 0.8532 0.0602 0.0866
009900 0.8525 0.0610 0.0865
009910 0.8517 0.0621 0.0862
009920 0.8511 0.0629 0.0860
009930 0.8518 0.0646 0.0836
009940 0.8539 0.0644 0.0817
009950 0.8561 0.0638 0.0801
009960 0.8577 0.0624 0.0799
009970 0.8591 0.0614 0.0795
009980 0.8597 0.0589 0.0814
009990 0.8587 0.0559 0.0854
010000 0.8568 0.0556 0.0876
010010 0.8540 0.0567 0.0893
010020 0.8540 0.0567 0.0893
010030 0.8540 0.0567 0.0893
010040 0.8540 0.0567 0.0893
010050 0.8540 0.0567 0.0893
010060 0.8540 0.0567 0.0893
010070 0.8540 0.0567 0.0893
010080 0.8540 0.0567 0.0893
010090 0.8540 0.0567 0.0893
010100 0.8540 0.0567 0.0893
010110 0.8540 0.0567 0.0893
010120 0.8540 0.0567 0.0893
010130 0.8540 0.0567 0.0893
010140 0.8540 0.0567 0.0893
010150 0.8540 0.0567 0.0893
010160 0.8540 0.0567 0.0893
010170 0.8540 0.0567 0.0893
010180 0.8540 0.0567 0.0893
010190 0.8540 0.0567 0.0893
010200 0.8540 0.0567 0.0893
010210 0.8540 0.0567 0.0893
010220 0.8540 0.0567 0.0893
010230 0.8540 0.0567 0.0893
010240 0.8540 0.0567 0.0893
010250 0.8540 0.0567 0.0893
010260 0.8540 0.0567 0.0893
010270 0.8540 0.0567 0.0893
010280 0.8540 0.0567 0.0893
010290 0.8540 0.0567 0.0893
010300 0.8540 0.0567 0.0893
010310 0.8540 0.0567 0.0893
010320 0.8540 0.0567 0.0893
010330 0.8540 0.0567 0.0893
010340 0.8540 0.0567 0.0893
010350 0.8540 0.0567 0.0893
010360 0.8540 0.0567 0.0893
010370 0.8540 0.0567 0.0893
010380 0.8540 0.0567 0.0893
010390 0.8540 0.0567 0.0893
010400 0.8540 0.0567 0.0893
010410 0.8540 0.0567 0.0893
010420 0.8540 0.0567 0.0893
010430 0.8540 0.0567 0.0893
010440 0.8540 0.0567 0.0893
010450 0.8540 0.0567 0.0893
010460 0.8540 0.0567 0.0893
010470 0.8540 0.0567 0.0893
010480 0.8540 0.0567 0.0893
010490 0.8540 0.0567 0.0893
010500 0.8540 0.0567 0.0893
010510 0.8540 0.0567 0.0893
010520 0.8540 0.0567 0.0893
010530 0.8540 0.0567 0.0893
010540 0.8540 0.0567 0.0893
010550 0.8540 0.0567 0.0893
010560 0.8540 0.0567 0.0893
010570 0.8540 0.0567 0.0893
010580 0.8540 0.0567 0.0893
010590 0.8540 0.0567 0.0893
010600 0.8540 0.0567 0.0893
010610 0.8540 0.0567 0.0893
010620 0.8540 0.0567 0.0893
010630 0.8540 0.0567 0.0893
010640 0.8540 0.0567 0.0893
010650 0.8540 0.0567 0.0893
010660 0.8540 0.0567 0.0893
010670 0.8540 0.0567 0.0893
010680 0.8540 0.0567 0.0893
010690 0.8540 0.0567 0.0893
010700 0.8540 0.0567 0.0893
010710 0.8540 0.0567 0.0893
010720 0.8540 0.0567 0.0893
010730 0.8540 0.0567 0.0893
010740 0.8540 0.0567 0.0893
010750 0.8540 0.0567 0.0893
010760 0.8540 0.0567 0.0893
010770 0.8540 0.0567 0.0893
010780 0.8540 0.0567 0.0893
010790 0.8540 0.0567 0.0893
010800 0.8540 0.0567 0.0893
010810 0.8540 0.0567 0.0893
010820 0.8540 0.0567 0.0893
010830 0.8540 0.0567 0.0893
010840 0.8540 0.0567 0.0893
010850 0.8540 0.0567 0.0893
010860 0.8540 0.0567 0.0893
010870 0.8540 0.0567 0.0893
010880 0.8540 0.0567 0.0893
010890 0.8540 0.0567 0.0893
010900 0.8540 0.0567 0.0893
010910 0.8540 0.0567 0.0893
010920 0.8540 0.0567 0.0893
010930 0.8540 0.0567 0.0893
010940 0.8540 0.0567 0.0893
010950 0.8540 0.0567 0.0893
010960 0.8540 0.0567 0.0893
010970 0.8540 0.0567 0.0893
010980 0.8540 0.0567 0.0893
010990 0.8540 0.0567 0.0893
011000 0.8540 0.0567 0.0893
011010 0.8540 0.0567 0.0893
011020 0.8540 0.0567 0.0893
011030 0.8540 0.0567 0.0893
011040 0.8540 0.0567 0.0893
011050 0.8540 0.0567 0.0893
011060 0.8540 0.0567 0.0893
011070 0.8540 0.0567 0.0893
011080 0.8540 0.0567 0.0893
011090 0.8540 0.0567 0.0893
011100 0.8540 0.0567 0.0893
011110 0.8540 0.0567 0.0893
011120 0.8540 0.0567 0.0893
011130 0.8540 0.0567 0.0893
011140 0.8540 0.0567 0.0893
011150 0.8540 0.0567 0.0893
011160 0.8540 0.0567 0.0893
011170 0.8540 0.0567 0.0893
011180 0.8540 0.0567 0.0893
011190 0.8540 0.0567 0.0893
011200 0.8540 0.0567 0.0893
011210 0.8540 0.0567 0.0893
011220 0.8540 0.0567 0.0893
011230 0.8540 0.0567 0.0893
011240 0.8540 0.0567 0.0893
011250 0.8540 0.0567 0.0893
011260 0.8540 0.0567 0.0893
011270 0.8540 0.0567 0.0893
011280 0.8540 0.0567 0.0893
011290 0.8540 0.0567 0.0893
011300 0.8540 0.0567 0.0893
011310 0.8540 0.0567 0.0893
011320 0.8540 0.0567 0.0893
011330 0.8540 0.0567 0.0893
011340 0.8540 0.0567 0.0893
011350 0.8540 0.0567 0.0893
011360 0.8540 0.0567 0.0893
011370 0.8540 0.0567 0.0893
011380 0.8540 0.0567 0.0893
011390 0.8540 0.0567 0.0893
011400 0.8540 0.0567 0.0893
011410 0.8540 0.0567 0.0893
011420 0.8540 0.0567 0.0893
011430 0.8540 0.0567 0.0893
011440 0.8540 0.0567 0.0893
011450 0.8540 0.0567 0.0893
011460 0.8540 0.0567 0.0893
011470 0.8540 0.0567 0.0893
011480 0.8540 0.0567 0.0893
011490 0.8540 0.0567 0.0893
011500 0.8540 0.0567 0.0893
011510 0.8540 0.0567 0.0893
011520 0.8540 0.0567 0.0893
011530 0.8540 0.0567 0.0893
011540 0.8540 0.0567 0.0893
011550 0.8540 0.0567 0.0893
011560 0.8540 0.0567 0.0893
011570 0.8540 0.0567 0.0893
011580 0.8540 0.0567 0.0893
011590 0.8540 0.0567 0.0893
011600 0.8540 0.0567 0.0893
011610 0.8540 0.0567 0.0893
011620 0.8540 0.0567 0.0893
011630 0.8540 0.0567 0.0893
011640 0.8540 0.0567 0.0893
011650 0.8540 0.0567 0.0893
011660 0.8540 0.0567 0.0893
011670 0.8540 0.0567 0.0893
011680 0.8540 0.0567 0.0893
011690 0.8540 0.0567 0.0893
011700 0.8540 0.0567 0.0893
011710 0.8540 0.0567 0.0893
011720 0.8540 0.0567 0.0893
011730 0.8540 0.0567 0.0893
011740 0.8540 0.0567 0.0893
011750 0.8540 0.0567 0.0893
011760 0.8540 0.0567 0.0893
011770 0.8540 0.0567 0.0893
011780 0.8540 0.0567 0.0893
011790 0.8540 0.0567 0.0893
011800 0.8540 0.0567 0.0893
011810 0.8540 0.0567 0.0893
011820 0.8540 0.0567 0.0893
011830 0.8540 0.0567 0.0893
011840 0.8540 0.0567 0.0893
011850 0.8540 0.0567 0.0893
011860 0.8540 0.0567 0.0893
011870 0.8540 0.0567 0.0893
011880 0.8540 0.0567 0.0893
011890 0.8540 0.0567 0.0893
011900 0.8540 0.0567 0.0893
011910 0.8540 0.0567 0.0893
011920 0.8540 0.0567 0.0893
011930 0.8540 0.0567 0.0893
011940 0.8540 0.0567 0.0893
011950 0.8540 0.0567 0.0893
011960 0.8540 0.0567 0.0893
011970 0.8540 0.0567 0.0893
011980 0.8540 0.0567 0.0893
011990 0.8540 0.0567 0.0893
012000 0.8540 0.0567 0.0893
012010 0.8540 0.0567 0.0893
012020 0.8540 0.0567 0.0893
012030 0.8540 0.0567 0.0893
012040 0.8540 0.0567 0.0893
012050 0.8540 0.0567 0.0893
012060 0.8540 0.0567 0.0893
012070 0.8540 0.0567 0.0893
012080 0.8540 0.0567 0.0893
012090 0.8540 0.0567 0.0893
012100 0.8540 0.0567 0.0893
012110 0.8540 0.0567 0.0893
012120 0.8540 0.0567 0.0893
012130 0.8540 0.0567 0.0893
012140 0.8540 0.0567 0.0893
012150 0.8540 0.0567 0.0893
012160 0.8540 0.0567 0.0893
012170 0.8540 0.0567 0.0893
012180 0.8540 0.0567 0.0893
012190 0.8540 0.0567 0.0893
012200 0.8540 0.0567 0.0893
012210 0.8540 0.0567 0.0893
012220 0.8540 0.0567 0.0893
012230 0.8540 0.0567 0.0893
012240 0.8540 0.0567 0.0893
012250 0.8540 0.0567 0.0893
012260 0.8540 0.0567 0.0893
012270 0.8540 0.0567 0.0893
012280 0.8540 0.0567 0.0893
012290 0.8540 0.0567 0.0893
012300 0.8540 0.0567 0.0893
012310 0.8540 0.0567 0.0893
012320 0.8540 0.0567 0.0893
012330 0.8540 0.0567 0.0893
012340 0.8540 0.0567 0.0893
012350 0.8540 0.0567 0.0893
012360 0.8540 0.0567 0.0893
012370 0.8540 0.0567 0.0893
012380 0.8540 0.0567 0.0893
012390 0.8540 0.0567 0.0893
012400 0.8540 0.0567 0.0893
012410 0.8540 0.0567 0.0893
012420 0.8540 0.0567 0.0893
012430 0.8540 0.0567 0.0893
012440 0.8540 0.0567 0.0893
012450 0.8540 0.0567 0.0893
012460 0.8540 0.0567 0.0893
012470 0.8540 0.0567 0.0893
012480 0.8540 0.0567 0.0893
012490 0.8540 0.0567 0.0893
012500 0.8540 0.0567 0.0893
012510 0.8540 0.0567 0.0893
012520 0.8540 0.0567 0.0893
012530 0.8540 0.0567 0.0893
012540 0.8540 0.0567 0.0893
012550 0.8540 0.0567 0.0893
012560 0.8540 0.0567 0.0893
012570 0.8540 0.0567 0.0893
012580 0.8540 0.0567 0.0893
012590 0.8540 0.0567 0.0893
012600 0.8540 0.0567 0.0893
012610 0.8540 0.0567 0.0893
012620 0.8540 0.0567 0.0893
012630 0.8540 0.0567 0.0893
012640 0.8540 0.0567 0.0893
012650 0.8540 0.0567 0.0893
012660 0.8540 0.0567 0.0893
012670 0.8540 0.0567 0.0893
012680 0.8540 0.0567 0.0893
012690 0.8540 0.0567 0.0893
012700 0.8540 0.0567 0.0893
012710 0.8540 0.0567 0.0893
012720 0.8540 0.0567 0.0893
012730 0.8540 0.0567 0.0893
012740 0.8540 0.0567 0.0893
012750 0.8540 0.0567 0.0893
012760 0.8540 0.0567 0.0893
012770 0.8540 0.0567 0.0893
012780 0.8540 0.0567 0.0893
012790 0.8540 0.0567 0.0893
012800 0.8540 0.0567 0.0893
012810 0.8540 0.0567 0.0893
012820 0.8540 0.0567 0.0893
012830 0.8540 0.0567 0.0893
012840 0.8540 0.0567 0.0893
012850 0.8540 0.0567 0.0893
012860 0.8540 0.0567 0.0893
012870 0.8540 0.0567 0.0893
012880 0.8540 0.0567 0.0893
012890 0.8540 0.0567 0.0893
012900 0.8540 0.0567 0.0893
012910 0.8540 0.0567 0.0893
012920 0.8540 0.0567 0.0893
012930 0.8540 0.0567 0.0893
012940 0.8540 0.0567 0.0893
012950 0.8540 0.0567 0.0893
012960 0.8540 0.0567 0.0893
012970 0.8540 0.0567 0.0893
012980 0.8540 0.0567 0.0893
012990 0.8540 0.0567 0.0893
013000 0.8540 0.0567 0.0893
013010 0.8540 0.0567 0.0893
013020 0.8540 0.0567 0.0893
013030 0.8540 0.0567 0.0893
013040 0.8540 0.0567 0.0893
013050 0.8540 0.0567 0.0893
013060 0.8540 0.0567 0.0893
013070 0.8540 0.0567 0.0893
013080 0.8540 0.0567 0.0893
013090 0.8540 0.0567 0.0893
013100 0.8540 0.0567 0.0893
013110 0.8540 0.0567 0.0893
013120 0.8540 0.0567 0.0893
013130 0.8540 0.0567 0.0893
013140 0.8540 0.0567 0.0893
013150 0.8540 0.0567 0.0893
013160 0.8540 0.0567 0.0893
013170 0.8540 0.0567 0.0893
013180 0.8540 0.0567 0.0893
013190 0.8540 0.0567 0.0893
013200 0.8540 0.0567 0.0893
013210 0.8540 0.0567 0.0893
013220 0.8540 0.0567 0.0893
013230 0.8540 0.0567 0.0893
013240 0.8540 0.0567 0.0893
013250 0.8540 0.0567 0.0893
013260 0.8540 0.0567 0.0893
013270 0.8540 0.0567 0.0893
013280 0.8540 0.0567 0.0893
013290 0.8540 0.0567 0.0893
013300 0.8540 0.0567 0.0893
013310 0.8540 0.0567 0.0893
013320 0.8540 0.0567 0.0893
013330 0.8540 0.0567 0.0893
013340 0.8540 0.0567 0.0893
013350 0.8540 0.0567 0.0893
013360 0.8540 0.0567 0.0893
013370 0.8540 0.0567 0.0893
013380 0.8540 0.0567 0.0893
013390 0.8540 0.0567 0.0893
013400 0.8540 0.0567 0.0893
013410 0.8540 0.0567 0.0893
013420 0.8540 0.0567 0.0893
013430 0.8540 0.0567 0.0893
013440 0.8540 0.0567 0.0893
013450 0.8540 0.0567 0.0893
013460 0.8540 0.0567 0.0893
013470 0.8540 0.0567 0.0893
013480 0.8540 0.0567 0.0893
013490 0.8540 0.0567 0.0893
013500 0.8540 0.0567 0.0893
013510 0.8540 0.0567 0.0893
013520 0.8540 0.0567 0.0893
013530 0.8540 0.0567 0.0893
013540 0.8540 0.0567 0.0893
013550 0.8540 0.0567 0.0893
013560 0.8540 0.0567 0.0893
013570 0.8540 0.0567 0.0893
013580 0.8540 0.0567 0.0893
013590 0.8540 0.0567 0.0893
013600 0.8540 0.0567 0.0893
013610 0.8540 0.0567 0.0893
013620 0.8540 0.0567 0.0893
013630 0.8540 0.0567 0.0893
013640 0.8540 0.0567 0.0893
013650 0.8540 0.0567 0.0893
013660 0.8540 0.0567 0.0893
013670 0.8540 0.0567 0.0893
013680 0.8540 0.0567 0.0893
013690 0.8540 0.0567 0.0893
013700 0.8540 0.0567 0.0893
013710 0.8540 0.0567 0.0893
013720 0.8540 0.0567 0.0893
013730 0.8540 0.0567 0.0893
013740 0.8540 0.0567 0.0893
013750 0.8540 0.0567 0.0893
013760 0.8540 0.0567 0.0893
013770 0.8540 0.0567 0.0893
013780 0.8540 0.0567 0.0893
013790 0.8540 0.0567 0.0893
013800 0.8540 0.0567 0.0893
013810 0.8540 0.0567 0.0893
013820 0.8540 0.0567 0.0893
013830 0.8540 0.0567 0.0893
013840 0.8540 0.0567 0.0893
013850 0.8540 0.0567 0.0893
013860 0.8540 0.0567 0.0893
013870 0.8540 0.0567 0.0893
013880 0.8540 0.0567 0.0893
013890 0.8540 0.0567 0.0893
013900 0.8540 0.0567 0.0893
013910 0.8540 0.0567 0.0893
013920 0.8540 0.0567 0.0893
013930 0.8540 0.0567 0.0893
013940 0.8540 0.0567 0.0893
013950 0.8540 0.0567 0.0893
013960 0.8540 0.0567 0.0893
013970 0.8540 0.0567 0.0893
013980 0.8540 0.0567 0.0893
013990 0.8540 0.0567 0.0893
014000 0.8540 0.0567 0.0893
014010 0.8540 0.0567 0.0893
014020 0.8540 0.0567 0.0893
014030 0.8540 0.0567 0.0893
014040 0.8540 0.0567 0.0893
014050 0.8540 0.0567 0.0893
014060 0.8540 0.0567 0.0893
014070 0.8540 0.0567 0.0893
014080 0.8540 0.0567 0.0893
014090 0.8540 0.0567 0.0893
014100 0.8540 0.0567 0.0893
014110 0.8540 0.0567 0.0893
014120 0.8540 0.0567 0.0893
014130 0.8540 0.0567 0.0893
014140 0.8540 0.0567 0.0893
014150 0.8540 0.0567 0.0893
014160 0.8540 0.0567 0.0893
014170 0.8540 0.0567 0.0893
014180 0.8540 0.0567 0.0893
014190 0.8540 0.0567 0.0893
014200 0.8540 0.0567 0.0893
014210 0.8540 0.0567 0.0893
014220 0.8540 0.0567 0.0893
014230 0.8540 0.0567 0.0893
014240 0.8540 0.0567 0.0893
014250 0.8540 0.0567 0.0893
014260 0.8540 0.0567 0.0893
014270 0.8540 0.0567 0.0893
014280 0.8540 0.0567 0.0893
014290 0.8540 0.0567 0.0893
014300 0.8540 0.0567 0.0893
014310 0.8540 0.0567 0.0893
014320 0.8540 0.0567 0.0893
014330 0.8540 0.0567 0.0893
014340 0.8540 0.0567 0.0893
014350 0.8540 0.0567 0.0893
014360 0.8540 0.0567 0.0893
014370 0.8540 0.0567 0.0893
014380 0.8540 0.0567 0.0893
014390 0.8540 0.0567 0.0893
014400 0.8540 0.0567 0.0893
014410 0.8540 0.0567 0.0893
014420 0.8540 0.0567 0.0893
014430 0.8540 0.0567 0.0893
014440 0.8540 0.0567 0.0893
014450 0.8540 0.0567 0.0893
014460 0.8540 0.0567 0.0893
014470 0.8540 0.0567 0.0893
014480 0.8540 0.0567 0.0893
014490 0.8540 0.0567 0.0893
014500 0.8540 0.0567 0.0893
014510 0.8540 0.0567 0.0893
014520 0.8540 0.0567 0.0893
014530 0.8540 0.0567 0.0893
014540 0.8540 0.0567 0.0893
014550 0.8540 0.0567 0.0893
014560 0.8540 0.0567 0.0893
014570 0.8540 0.0567 0.0893
014580 0.8540 0.0567 0.0893
014590 0.8540 0.0567 0.0893
014600 0.8540 0.0567 0.0893
014610 0.8540 0.0567 0.0893
014620 0.8540 0.0567 0.0893
014630 0.8540 0.0567 0.0893
014640 0.8540 0.0567 0.0893
014650 0.8540 0.0567 0.0893
014660 0.8540 0.0567 0.0893
014670 0.8540 0.0567 0.0893
014680 0.8540 0.0567 0.0893
014690 0.8540 0.0567 0.0893
014700 0.8540 0.0567 0.0893
014710 0.8540 0.0567 0.0893
014720 0.8540 0.0567 0.0893
014730 0.8540 0.0567 0.0893
014740 0.8540 0.0567 0.0893
014750 0.8540 0.0567 0.0893
014760 0.8540 0.0567 0.0893
014770 0.8540 0.0567 0.0893
014780 0.8540 0.0567 0.0893
014790 0.8540 0.0567 0.0893
014800 0.8540 0.0567 0.0893
014810 0.8540 0.0567 0.0893
014820 0.8540 0.0567 0.0893
014830 0.8540 0.0567 0.0893
014840 0.8540 0.0567 0.0893
014850 0.8540 0.0567 0.0893
014860 0.8540 0.0567 0.0893
014870 0.8540 0.0567 0.0893
014880 0.8540 0.0567 0.0893
014890 0.8540 0.0567 0.0893
014900 0.8540 0.0567 0.0893
014910 0.8540 0.0567 0.0893
014920 0.8540 0.0567 0.0893
014930 0.8540 0.0567 0.0893
014940 0.8540 0.0567 0.0893
014950 0.8540 0.0567 0.0893
014960 0.8540 0.0567 0.0893
014970 0.8540 0.0567 0.0893
014980 0.8540 0.0567 0.0893
014990 0.8540 0.0567 0.0893
015000 0.8540 0.0567 0.0893
015010 0.8540 0.0567 0.0893
015020 0.8540 0.0567 0.0893
015030 0.8540 0.0567 0.0893
015040 0.8540 0.0567 0.0893
015050 0.8540 0.0567 0.0893
015060 0.8540 0.0567 0.0893
015070 0.8540 0.0567 0.0893
015080 0.8540 0.0567 0.0893
015090 0.8540 0.0567 0.0893
015100 0.8540 0.0567 0.0893
015110 0.8540 0.0567 0.0893
015120 0.8540 0.0567 0.0893
015130 0.8540 0.0567 0.0893
015140 0.8540 0.0567 0.0893
015150 0.8540 0.0567 0.0893
015160 0.8540 0.0567 0.0893
015170 0.8540 0.0567 0.0893
015180 0.8540 0.0567 0.0893
015190 0.8540 0.0567 0.0893
015200 0.8540 0.0567 0.0893
015210 0.8540 0.0567 0.0893
015220 0.8540 0.0567 0.0893
015230 0.8540 0.0567 0.0893
015240 0.8540 0.0567 0.0893
015250 0.8540 0.0567 0.0893
015260 0.8540 0.0567 0.0893
015270 0.8540 0.0567 0.0893
015280 0.8540 0.0567 0.0893
015290 0.8540 0.0567 0.0893
015300 0.8540 0.0567 0.0893
015310 0.8540 0.0567 0.0893
015320 0.8540 0.0567 0.0893
015330 0.8540 0.0567 0.0893
015340 0.8540 0.0567 0.0893
015350 0.8540 0.0567 0.0893
015360 0.8540 0.0567 0.0893
015370 0.8540 0.0567 0.0893
015380 0.8540 0.0567 0.0893
015390 0.8540 0.0567 0.0893
015400 0.8540 0.0567 0.0893
015410 0.8540 0.0567 0.0893
015420 0.8540 0.0567 0.0893
015430 0.8540 0.0567 0.0893
015440 0.8540 0.0567 0.0893
015450 0.8540 0.0567 0.0893
015460 0.8540 0.0567 0.0893
015470 0.8540 0.0567 0.0893
015480 0.8540 0.0567 0.0893
015490 0.8540 0.0567 0.0893
015500 0.8540 0.0567 0.0893
015510 0.8540 0.0567 0.0893
015520 0.8540 0.0567 0.0893
015530 0.8540 0.0567 0.0893
015540 0.8540 0.0567 0.0893
015550 0.8540 0.0567 0.0893
015560 0.8540 0.0567 0.0893
015570 0.8540 0.0567 0.0893
015580 0.8540 0.0567 0.0893
015590 0.8540 0.0567 0.0893
015600 0.8540 0.0567 0.0893
015610 0.8540 0.0567 0.0893
015620 0.8540 0.0567 0.0893
015630 0.8540 0.0567 0.0893
015640 0.8540 0.0567 0.0893
015650 0.8540 0.0567 0.0893
015660 0.8540 0.0567 0.0893
015670 0.8540 0.0567 0.0893
015680 0.8540 0.0567 0.0893
015690 0.8540 0.0567 0.0893
015700 0.8540 0.0567 0.0893
015710 0.8540 0.0567 0.0893
015720 0.8540 0.0567 0.0893
015730 0.8540 0.0567 0.0893
015740 0.8540 0.0567 0.0893
015750 0.8540 0.0567 0.0893
015760 0.8540 0.0567 0.0893
015770 0.8540 0.0567 0.0893
015780 0.8540 0.0567 0.0893
015790 0.8540 0.0567 0.0893
015800 0.8540 0.0567 0.0893
015810 0.8540 0.0567 0.0893
015820 0.8540 0.0567 0.0893
015830 0.8540 0.0567 0.0893
015840 0.8540 0.0567 0.0893
015850 0.8540 0.0567 0.0893
015860 0.8540 0.0567 0.0893
015870 0.8540 0.0567 0.0893
015880 0.8540 0.0567 0.0893
015890 0.8540 0.0567 0.0893
015900 0.8540 0.0567 0.0893
015910 0.8540 0.0567 0.0893
015920 0.8540 0.0567 0.0893
015930 0.8540 0.0567 0.0893
015940 0.8540 0.0567 0.0893
015950 0.8540 0.0567 0.0893
015960 0.8540 0.0567 0.0893
015970 0.8540 0.0567 0.0893
015980 0.8540 0.0567 0.0893
015990 0.8540 0.0567 0.0893
016000 0.8540 0.0567 0.0893
016010 0.8540 0.0567 0.0893
016020 0.8540 0.0567 0.0893
016030 0.8540 0.0567 0.0893
016040 0.8540 0.0567 0.0893
016050 0.8540 0.0567 0.0893
016060 0.8540 0.0567 0.0893
016070 0.8540 0.0567 0.0893
016080 0.8540 0.0567 0.0893
016090 0.8540 0.0567 0.0893
016100 0.8540 0.0567 0.0893
016110 0.8540 0.0567 0.0893
016120 0.8540 0.0567 0.0893
016130 0.8540 0.0567 0.0893
016140 0.8540 0.0567 0.0893
016150 0.8540 0.0567 0.0893
016160 0.8540 0.0567 0.0893
016170 0.8540 0.0567 0.0893
016180 0.8540 0.0567 0.0893
016190 0.8540 0.0567 0.0893
016200 0.8540 0.0567 0.0893
016210 0.8540 0.0567 0.0893
016220 0.8540 0.0567 0.0893
016230 0.8540 0.0567 0.0893
016240 0.8540 0.0567 0.0893
016250 0.8540 0.0567 0.0893
016260 0.8540 0.0567 0.0893
016270 0.8540 0.0567 0.0893
016280 0.8540 0.0567 0.0893
016290 0.8540 0.0567 0.0893
016300 0.8540 0.0567 0.0893
016310 0.8540 0.0567 0.0893
016320 0.8540 0.0567 0.0893
016330 0.8540 0.0567 0.0893
016340 0.8540 0.0567 0.0893
016350 0.8540 0.0567 0.0893
016360 0.8540 0.0567 0.0893
016370 0.8540 0.0567 0.0893
016380 0.8540 0.0567 0.0893
016390 0.8540 0.0567 0.0893
016400 0.8540 0.0567 0.0893
016410 0.8540 0.0567 0.0893
016420 0.8540 0.0567 0.0893
016430 0.8540 0.0567 0.0893
016440 0.8540 0.0567 0.0893
016450 0.8540 0.0567 0.0893
016460 0.8540 0.0567 0.0893
016470 0.8540 0.0567 0.0893
016480 0.8540 0.0567 0.0893
016490 0.8540 0.0567 0.0893
016500 0.8540 0.0567 0.0893
016510 0.8540 0.0567 0.0893
016520 0.8540 0.0567 0.0893
016530 0.8540 0.0567 0.0893
016540 0.8540 0.0567 0.0893
016550 0.8540 0.0567 0.0893
016560 0.8540 0.0567 0.0893
016570 0.8540 0.0567 0.0893
016580 0.8540 0.0567 0.0893
016590 0.8540 0.0567 0.0893
016600 0.8540 0.0567 0.0893
016610 0.8540 0.0567 0.0893
016620 0.8540 0.0567 0.0893
016630 0.8540 0.0567 0.0893
016640 0.8540 0.0567 0.0893
016650 0.8540 0.0567 0.0893
016660 0.8540 0.0567 0.0893
016670 0.8540 0.0567 0.0893
016680 0.8540 0.0567 0.0893
016690 0.8540 0.0567 0.0893
016700 0.8540 0.0567 0.0893
016710 0.8540 0.0567 0.0893
016720 0.8540 0.0567 0.0893
016730 0.8540 0.0567 0.0893
016740 0.8540 0.0567 0.0893
016750 0.8540 0.0567 0.0893
016760 0.8540 0.0567 0.0893
016770 0.8540 0.0567 0.0893
016780 0.8540 0.0567 0.0893
016790 0.8540 0.0567 0.0893
016800 0.8540 0.0567 0.0893
016810 0.8540 0.0567 0.0893
016820 0.8540 0.0567 0.0893
016830 0.8540 0.0567 0.0893
016840 0.8540 0.0567 0.0893
016850 0.8540 0.0567 0.0893
016860 0.8540 0.0567 0.0893
016870 0.8540 0.0567 0.0893
016880 0.8540 0.0567 0.0893
016890 0.8540 0.0567 0.0893
016900 0.8540 0.0567 0.0893
016910 0.8540 0.0567 0.0893
016920 0.8540 0.0567 0.0893
016930 0.8540 0.0567 0.0893
016940 0.8540 0.0567 0.0893
016950 0.8540 0.0567 0.0893
016960 0.8540 0.0567 0.0893
016970 0.8540 0.0567 0.0893
016980 0.8540 0.0567 0.0893
016990 0.8540 0.0567 0.0893
017000 0.8540 0.0567 0.0893
017010 0.8540 0.0567 0.0893
017020 0.8540 0.0567 0.0893
017030 0.8540 0.0567 0.0893
017040 0.8540 0.0567 0.0893
017050 0.8540 0.0567 0.0893
017060 0.8540 0.0567 0.0893
017070 0.8540 0.0567 0.0893
017080 0.8540 0.0567 0.0893
017090 0.8540 0.0567 0.0893
017100 0.8540 0.0567 0.0893
017110 0.8540 0.0567 0.0893
017120 0.8540 0.0567 0.0893
017130 0.8540 0.0567 0.0893
017140 0.8540 0.0567 0.0893
017150 0.8540 0.0567 0.0893
017160 0.8540 0.0567 0.0893
017170 0.8540 0.0567 0.0893
017180 0.8540 0.0567 0.0893
017190 0.8540 0.0567 0.0893
017200 0.8540 0.0567 0.0893
017210 0.8540 0.0567 0.0893
017220 0.8540 0.0567 0.0893
017230 0.8540 0.0567 0.0893
017240 0.8540 0.0567 0.0893
017250 0.8540 0.0567 0.0893
017260 0.8540 0.0567 0.0893
017270 0.8540 0.0567 0.0893
017280 0.8540 0.0567 0.0893
017290 0.8540 0.0567 0.0893
017300 0.8540 0.0567 0.0893
017310 0.8540 0.0567 0.0893
017320 0.8540 0.0567 0.0893
017330 0.8540 0.0567 0.0893
017340 0.8540 0.0567 0.0893
017350 0.8540 0.0567 0.0893
017360 0.8540 0.0567 0.0893
017370 0.8540 0.0567 0.0893
017380 0.8540 0.0567 0.0893
017390 0.8540 0.0567 0.0893
017400 0.8540 0.0567 0.0893
017410 0.8540 0.0567 0.0893
017420 0.8540 0.0567 0.0893
017430 0.8540 0.0567 0.0893
017440 0.8540 0.0567 0.0893
017450 0.8540 0.0567 0.0893
017460 0.8540 0.0567 0.0893
017470 0.8540 0.0567 0.0893
017480 0.8540 0.0567 0.0893
017490 0.8540 0.0567 0.0893
017500 0.8540 0.0567 0.0893
017510 0.8540 0.0567 0.0893
017520 0.8540 0.0567 0.0893
017530 0.8540 0.0567 0.0893
017540 0.8540 0.0567 0.0893
017550 0.8540 0.0567 0.0893
017560 0.8540 0.0567 0.0893
017570 0.8540 0.0567 0.0893
017580 0.8540 0.0567 0.0893
017590 0.8540 0.0567 0.0893
017600 0.8540 0.0567 0.0893
017610 0.8540 0.0567 0.0893
017620 0.8540 0.0567 0.0893
017630 0.8540 0.0567 0.0893
017640 0.8540 0.0567 0.0893
017650 0.8540 0.0567 0.0893
017660 0.8540 0.0567 0.0893
017670 0.8540 0.0567 0.0893
017680 0.8540 0.0567 0.0893
017690 0.8540 0.0567 0.0893
017700 0.8540 0.0567 0.0893
017710 0.8540 0.0567 0.0893
017720 0.8540 0.0567 0.0893
017730 0.8540 0.0567 0.0893
017740 0.8540 0.0567 0.0893
017750 0.8540 0.0567 0.0893
017760 0.8540 0.0567 0.0893
017770 0.8540 0.0567 0.0893
017780 0.8540 0.0567 0.0893
017790 0.8540 0.0567 0.0893
017800 0.8540 0.0567 0.0893
017810 0.8540 0.0567 0.0893
017820 0.8540 0.0567 0.0893
017830 0.8540 0.0567 0.0893
017840 0.8540 0.0567 0.0893
017850 0.8540 0.0567 0.0893
017860 0.8540 0.0567 0.0893
017870 0.8540 0.0567 0.0893
017880 0.8540 0.0567 0.0893
017890 0.8540 0.0567 0.0893
017900 0.8540 0.0567 0.0893
017910 0.8540 0.0567 0.0893
017920 0.8540 0.0567 0.0893
017930 0.8540 0.0567 0.0893
017940 0.8540 0.0567 0.0893
017950 0.8540 0.0567 0.0893
017960 0.8540 0.0567 0.0893
017970 0.8540 0.0567 0.0893
017980 0.8540 0.0567 0.0893
017990 0.8540 0.0567 0.0893
018000 0.8540 0.0567 0.0893
018010 0.8540 0.0567 0.0893
018020 0.8540 0.0567 0.0893
018030 0.8540 0.0567 0.0893
018040 0.8540 0.0567 0.0893
018050 0.8540 0.0567 0.0893
018060 0.8540 0.0567 0.0893
018070 0.8540 0.0567 0.0893
018080 0.8540 0.0567 0.0893
018090 0.8540 0.0567 0.0893
018100 0.8540 0.0567 0.0893
018110 0.8540 0.0567 0.0893
018120 0.8540 0.0567 0.0893
018130 0.8540 0.0567 0.0893
018140 0.8540 0.0567 0.0893
018150 0.8540 0.0567 0.0893
018160 0.8540 0.0567 0.0893
018170 0.8540 0.0567 0.0893
018180 0.8540 0.0567 0.0893
018190 0.8540 0.0567 0.0893
018200 0.8540 0.0567 0.0893
018210 0.8540 0.0567 0.0893
018220 0.8540 0.0567 0.0893
018230 0.8540 0.0567 0.0893
018240 0.8540 0.0567 0.0893
018250 0.8540 0.0567 0.0893
018260 0.8540 0.0567 0.0893
018270 0.8540 0.0567 0.0893
018280 0.8540 0.0567 0.0893
018290 0.8540 0.0567 0.0893
018300 0.8540 0.0567 0.0893
018310 0.8540 0.0567 0.0893
018320 0.8540 0.0567 0.0893
018330 0.8540 0.0567 0.0893
018340 0.8540 0.0567 0.0893
018350 0.8540 0.0567 0.0893
018360 0.8540 0.0567 0.0893
018370 0.8540 0.0567 0.0893
018380 0.8540 0.0567 0.0893
018390 0.8540 0.0567 0.0893
018400 0.8540 0.0567 0.0893
018410 0.8540 0.0567 0.0893
018420 0.8540 0.0567 0.0893
018430 0.8540 0.0567 0.0893
018440 0.8540 0.0567 0.0893
018450 0.8540 0.0567 0.0893
018460 0.8540 0.0567 0.0893
018470 0.8540 0.0567 0.0893
018480 0.8540 0.0567 0.0893
018490 0.8540 0.0567 0.0893
018500 0.8540 0.0567 0.0893
018510 0.8540 0.0567 0.0893
018520 0.8540 0.0567 0.0893
018530 0.8540 0.0567 0.0893
018540 0.8540 0.0567 0.0893
018550 0.8540 0.0567 0.0893
018560 0.8540 0.0567 0.0893
018570 0.8540 0.0567 0.0893
018580 0.8540 0.0567 0.0893
018590 0.8540 0.0567 0.0893
018600 0.8540 0.0567 0.0893
018610 0.8540 0.0567 0.0893
018620 0.8540 0.0567 0.0893
018630 0.8540 0.0567 0.0893
018640 0.8540 0.0567 0.0893
018650 0.8540 0.0567 0.0893
018660 0.8540 0.0567 0.0893
018670 0.8540 0.0567 0.0893
018680 0.8540 0.0567 0.0893
018690 0.8540 0.0567 0.0893
018700 0.8540 0.0567 0.0893
018710 0.8540 0.0567 0.0893
018720 0.8540 0.0567 0.0893
018730 0.8540 0.0567 0.0893
018740 0.8540 0.0567 0.0893
018750 0.8540 0.0567 0.0893
018760 0.8540 0.0567 0.0893
018770 0.8540 0.0567 0.0893
018780 0.8540 0.0567 0.0893
018790 0.8540 0.0567 0.0893
018800 0.8540 0.0567 0.0893
018810 0.8540 0.0567 0.0893
018820 0.8540 0.0567 0.0893
018830 0.8540 0.0567 0.0893
018840 0.8540 0.0567 0.0893
018850 0.8540 0.0567 0.0893
018860 0.8540 0.0567 0.0893
018870 0.8540 0.0567 0.0893
018880 0.8540 0.0567 0.0893
018890 0.8540 0.0567 0.0893
018900 0.8540 0.0567 0.0893
018910 0.8540 0.0567 0.0893
018920 0.8540 0.0567 0.0893
018930 0.8540 0.0567 0.0893
018940 0.8540 0.0567 0.0893
018950 0.8540 0.0567 0.0893
018960 0.8540 0.0567 0.0893
018970 0.8540 0.0567 0.0893
018980 0.8540 0.0567 0.0893
018990 0.8540 0.0567 0.0893
019000 0.8540 0.0567 0.0893
019010 0.8540 0.0567 0.0893
019020 0.8540 0.0567 0.0893
019030 0.8540 0.0567 0.0893
019040 0.8540 0.0567 0.0893
019050 0.8540 0.0567 0.0893
019060 0.8540 0.0567 0.0893
019070 0.8540 0.0567 0.0893
019080 0.8540 0.0567 0.0893
019090 0.8540 0.0567 0.0893
019100 0.8540 0.0567 0.0893
019110 0.8540 0.0567 0.0893
019120 0.8540 0.0567 0.0893
019130 0.8540 0.0567 0.0893
019140 0.8540 0.0567 0.0893
019150 0.8540 0.0567 0.0893
019160 0.8540 0.0567 0.0893
019170 0.8540 0.0567 0.0893
019180 0.8540 0.0567 0.0893
019190 0.8540 0.0567 0.0893
019200 0.8540 0.0567 0.0893
019210 0.8540 0.0567 0.0893
019220 0.8540 0.0567 0.0893
019230 0.8540 0.0567 0.0893
019240 0.8540 0.0567 0.0893
019250 0.8540 0.0567 0.0893
019260 0.8540 0.0567 0.0893
019270 0.8540 0.0567 0.0893
019280 0.8540 0.0567 0.0893
019290 0.8540 0.0567 0.0893
019300 0.8540 0.0567 0.0893
019310 0.8540 0.0567 0.0893
019320 0.8540 0.0567 0.0893
019330 0.8540 0.0567 0.0893
019340 0.8540 0.0567 0.0893
019350 0.8540 0.0567 0.0893
019360 0.8540 0.0567 0.0893
019370 0.8540 0.0567 0.0893
019380 0.8540 0.0567 0.0893
019390 0.8540 0.0567 0.0893
019400 0.8540 0.0567 0.0893
019410 0.8540 0.0567 0.0893
019420 0.8540 0.0567 0.0893
019430 0.8540 0.0567 0.0893
019440 0.8540 0.0567 0.0893
019450 0.8540 0.0567 0.0893
019460 0.8540 0.0567 0.0893
019470 0.8540 0.0567 0.0893
019480 0.8540 0.0567 0.0893
019490 0.8540 0.0567 0.0893
019500 0.8540 0.0567 0.0893
019510 0.8540 0.0567 0.0893
019520 0.8540 0.0567 0.0893
019530 0.8540 0.0567 0.0893
019540 0.8540 0.0567 0.0893
019550 0.8540 0.0567 0.0893
019560 0.8540 0.0567 0.0893
019570 0.8540 0.0567 0.0893
019580 0.8540 0.0567 0.0893
019590 0.8540 0.0567 0.0893
019600 0.8540 0.0567 0.0893
019610 0.8540 0.0567 0.0893
019620 0.8540 0.0567 0.0893
019630 0.8540 0.0567 0.0893
019640 0.8540 0.0567 0.0893
019650 0.8540 0.0567 0.0893
019660 0.8540 0.0567 0.0893
019670 0.8540 0.0567 0.0893
019680 0.8540 0.0567 0.0893
019690 0.8540 0.0567 0.0893
019700 0.8540 0.0567 0.0893
019710 0.8540 0.0567 0.0893
019720 0.8540 0.0567 0.0893
019730 0.8540 0.0567 0.0893
019740 0.8540 0.0567 0.0893
019750 0.8540 0.0567 0.0893
019760 0.8540 0.0567 0.0893
019770 0.8540 0.0567 0.0893
019780 0.8540 0.0567 0.0893
019790 0.8540 0.0567 0.0893
019800 0.8540 0.0567 0.0893
019810 0.8540 0.0567 0.0893
019820 0.8540 0.0567 0.0893
019830 0.8540 0.0567 0.0893
019840 0.8540 0.0567 0.0893
019850 0.8540 0.0567 0.0893
019860 0.8540 0.0567 0.0893
019870 0.8540 0.0567 0.0893
019880 0.8540 0.0567 0.0893
019890 0.8540 0.0567 0.0893
019900 0.8540 0.0567 0.0893
019910 0.8540 0.0567 0.0893
019920 0.8540 0.0567 0.0893
019930 0.8540 0.0567 0.0893
019940 0.8540 0.0567 0.0893
019950 0.8540 0.0567 0.0893
019960 0.8540 0.0567 0.0893
019970 0.8540 0.0567 0.0893
019980 0.8540 0.0567 0.0893
019990 0.8540 0.0567 0.0893
020000 0.8540 0.0567 0.0893
