000000 0.3333 0.3332 0.3335
000100 0.9969 0.0024 0.0007
000200 0.9900 0.0011 0.0090
000300 0.9654 0.0043 0.0303
000400 0.9201 0.0190 0.0609
000500 0.8648 0.0485 0.0867
000600 0.7983 0.1019 0.0998
000700 0.7250 0.1642 0.1108
000800 0.6521 0.2304 0.1174
000900 0.5976 0.2878 0.1146
001000 0.5623 0.3438 0.0939
001100 0.5789 0.3626 0.0586
001200 0.6044 0.3547 0.0409
001300 0.6709 0.3019 0.0272
001400 0.7194 0.2524 0.0281
001500 0.7420 0.2293 0.0287
001600 0.7940 0.1768 0.0292
001700 0.8097 0.1595 0.0308
001800 0.7962 0.1684 0.0353
001900 0.7804 0.1821 0.0375
002000 0.7708 0.1896 0.0396
002100 0.7760 0.1825 0.0416
002200 0.7746 0.1818 0.0436
002300 0.7665 0.1940 0.0395
002400 0.7860 0.1789 0.0351
002500 0.7899 0.1736 0.0365
002600 0.7811 0.1841 0.0347
002700 0.7688 0.1890 0.0422
002800 0.7926 0.1699 0.0375
002900 0.7681 0.1904 0.0415
003000 0.7718 0.1893 0.0388
003100 0.7641 0.1982 0.0376
003200 0.7870 0.1748 0.0382
003300 0.7917 0.1734 0.0349
003400 0.7888 0.1685 0.0426
003500 0.7526 0.2046 0.0428
003600 0.7730 0.1899 0.0370
003700 0.7895 0.1723 0.0382
003800 0.7742 0.1871 0.0387
003900 0.7730 0.1881 0.0388
004000 0.7785 0.1834 0.0381
004100 0.7834 0.1784 0.0382
004200 0.7743 0.1881 0.0376
004300 0.7813 0.1813 0.0375
004400 0.7868 0.1760 0.0372
004500 0.7810 0.1812 0.0378
004600 0.7798 0.1820 0.0382
004700 0.7926 0.1714 0.0360
004800 0.7902 0.1736 0.0362
004900 0.7883 0.1752 0.0365
005000 0.7806 0.1809 0.0385
005100 0.7883 0.1762 0.0355
005200 0.7847 0.1772 0.0382
005300 0.7826 0.1791 0.0383
005400 0.8024 0.1635 0.0341
005500 0.7847 0.1773 0.0380
005600 0.7957 0.1664 0.0379
005700 0.7809 0.1785 0.0406
005800 0.7547 0.2049 0.0404
005900 0.7904 0.1752 0.0344
006000 0.7880 0.1735 0.0384
006100 0.7808 0.1801 0.0392
006200 0.7721 0.1879 0.0400
006300 0.7774 0.1844 0.0382
006400 0.7675 0.1902 0.0423
006500 0.7875 0.1782 0.0344
006600 0.7836 0.1781 0.0383
006700 0.7778 0.1841 0.0381
006800 0.7747 0.1881 0.0373
006900 0.7844 0.1794 0.0362
007000 0.7796 0.1818 0.0386
007100 0.7680 0.1934 0.0386
007200 0.7898 0.1747 0.0355
007300 0.7724 0.1884 0.0392
007400 0.7769 0.1860 0.0371
007500 0.7839 0.1797 0.0363
007600 0.7943 0.1691 0.0366
007700 0.7796 0.1822 0.0382
007800 0.7787 0.1853 0.0360
007900 0.7907 0.1725 0.0368
008000 0.7761 0.1878 0.0362
008100 0.7737 0.1888 0.0376
008200 0.7900 0.1726 0.0374
008300 0.7747 0.1845 0.0407
008400 0.7797 0.1847 0.0356
008500 0.7797 0.1823 0.0380
008600 0.7743 0.1853 0.0403
008700 0.7690 0.1934 0.0375
008800 0.7783 0.1826 0.0391
008900 0.7870 0.1776 0.0354
009000 0.7910 0.1725 0.0365
009100 0.7800 0.1826 0.0373
009200 0.7689 0.1907 0.0404
009300 0.7658 0.1963 0.0379
009400 0.8052 0.1585 0.0362
009500 0.7820 0.1786 0.0394
009600 0.7624 0.1969 0.0407
009700 0.7674 0.1950 0.0376
009800 0.7998 0.1641 0.0361
009900 0.7720 0.1882 0.0398
010000 0.7799 0.1828 0.0373
010100 0.7862 0.1764 0.0373
010200 0.7862 0.1764 0.0373
010300 0.7862 0.1764 0.0373
010400 0.7862 0.1764 0.0373
010500 0.7862 0.1764 0.0373
010600 0.7862 0.1764 0.0373
010700 0.7862 0.1764 0.0373
010800 0.7862 0.1764 0.0373
010900 0.7862 0.1764 0.0373
011000 0.7862 0.1764 0.0373
011100 0.7862 0.1764 0.0373
011200 0.7862 0.1764 0.0373
011300 0.7862 0.1764 0.0373
011400 0.7862 0.1764 0.0373
011500 0.7862 0.1764 0.0373
011600 0.7862 0.1764 0.0373
011700 0.7862 0.1764 0.0373
011800 0.7862 0.1764 0.0373
011900 0.7862 0.1764 0.0373
012000 0.7862 0.1764 0.0373
012100 0.7862 0.1764 0.0373
012200 0.7862 0.1764 0.0373
012300 0.7862 0.1764 0.0373
012400 0.7862 0.1764 0.0373
012500 0.7862 0.1764 0.0373
012600 0.7862 0.1764 0.0373
012700 0.7862 0.1764 0.0373
012800 0.7862 0.1764 0.0373
012900 0.7862 0.1764 0.0373
013000 0.7862 0.1764 0.0373
013100 0.7862 0.1764 0.0373
013200 0.7862 0.1764 0.0373
013300 0.7862 0.1764 0.0373
013400 0.7862 0.1764 0.0373
013500 0.7862 0.1764 0.0373
013600 0.7862 0.1764 0.0373
013700 0.7862 0.1764 0.0373
013800 0.7862 0.1764 0.0373
013900 0.7862 0.1764 0.0373
014000 0.7862 0.1764 0.0373
014100 0.7862 0.1764 0.0373
014200 0.7862 0.1764 0.0373
014300 0.7862 0.1764 0.0373
014400 0.7862 0.1764 0.0373
014500 0.7862 0.1764 0.0373
014600 0.7862 0.1764 0.0373
014700 0.7862 0.1764 0.0373
014800 0.7862 0.1764 0.0373
014900 0.7862 0.1764 0.0373
015000 0.7862 0.1764 0.0373
015100 0.7862 0.1764 0.0373
015200 0.7862 0.1764 0.0373
015300 0.7862 0.1764 0.0373
015400 0.7862 0.1764 0.0373
015500 0.7862 0.1764 0.0373
015600 0.7862 0.1764 0.0373
015700 0.7862 0.1764 0.0373
015800 0.7862 0.1764 0.0373
015900 0.7862 0.1764 0.0373
016000 0.7862 0.1764 0.0373
016100 0.7862 0.1764 0.0373
016200 0.7862 0.1764 0.0373
016300 0.7862 0.1764 0.0373
016400 0.7862 0.1764 0.0373
016500 0.7862 0.1764 0.0373
016600 0.7862 0.1764 0.0373
016700 0.7862 0.1764 0.0373
016800 0.7862 0.1764 0.0373
016900 0.7862 0.1764 0.0373
017000 0.7862 0.1764 0.0373
017100 0.7862 0.1764 0.0373
017200 0.7862 0.1764 0.0373
017300 0.7862 0.1764 0.0373
017400 0.7862 0.1764 0.0373
017500 0.7862 0.1764 0.0373
017600 0.7862 0.1764 0.0373
017700 0.7862 0.1764 0.0373
017800 0.7862 0.1764 0.0373
017900 0.7862 0.1764 0.0373
018000 0.7862 0.1764 0.0373
018100 0.7862 0.1764 0.0373
018200 0.7862 0.1764 0.0373
018300 0.7862 0.1764 0.0373
018400 0.7862 0.1764 0.0373
018500 0.7862 0.1764 0.0373
018600 0.7862 0.1764 0.0373
018700 0.7862 0.1764 0.0373
018800 0.7862 0.1764 0.0373
018900 0.7862 0.1764 0.0373
019000 0.7862 0.1764 0.0373
019100 0.7862 0.1764 0.0373
019200 0.7862 0.1764 0.0373
019300 0.7862 0.1764 0.0373
019400 0.7862 0.1764 0.0373
019500 0.7862 0.1764 0.0373
019600 0.7862 0.1764 0.0373
019700 0.7862 0.1764 0.0373
019800 0.7862 0.1764 0.0373
019900 0.7862 0.1764 0.0373
020000 0.7862 0.1764 0.0373
