000000 0.3332 0.3337 0.3331
000100 0.9591 0.0248 0.0161
000200 0.8530 0.0939 0.0531
000300 0.7606 0.1628 0.0766
000400 0.7263 0.2010 0.0727
000500 0.7235 0.2104 0.0662
000600 0.7502 0.1848 0.0651
000700 0.7378 0.1951 0.0671
000800 0.7230 0.2043 0.0727
000900 0.7370 0.1888 0.0742
001000 0.7383 0.1936 0.0681
001100 0.7251 0.2042 0.0707
001200 0.7432 0.1883 0.0685
001300 0.7358 0.1901 0.0741
001400 0.7347 0.1938 0.0715
001500 0.7358 0.1926 0.0716
001600 0.7275 0.2010 0.0715
001700 0.7219 0.2032 0.0749
001800 0.7425 0.1871 0.0704
001900 0.7332 0.1981 0.0687
002000 0.7446 0.1849 0.0705
002100 0.7395 0.1966 0.0639
002200 0.7260 0.2023 0.0717
002300 0.7385 0.1903 0.0712
002400 0.7402 0.1920 0.0678
002500 0.7334 0.1966 0.0700
002600 0.7425 0.1866 0.0709
002700 0.7348 0.1963 0.0689
002800 0.7410 0.1919 0.0671
002900 0.7142 0.2103 0.0755
003000 0.7287 0.1982 0.0730
003100 0.7316 0.1986 0.0698
003200 0.7251 0.2017 0.0731
003300 0.7285 0.1990 0.0725
003400 0.7403 0.1908 0.0689
003500 0.7314 0.1972 0.0714
003600 0.7376 0.1940 0.0684
003700 0.7321 0.1987 0.0692
003800 0.7446 0.1871 0.0683
003900 0.7382 0.1910 0.0708
004000 0.7352 0.1931 0.0717
004100 0.7339 0.1950 0.0711
004200 0.7380 0.1932 0.0688
004300 0.7403 0.1914 0.0683
004400 0.7341 0.1966 0.0693
004500 0.7394 0.1925 0.0681
004600 0.7405 0.1897 0.0698
004700 0.7298 0.1991 0.0711
004800 0.7475 0.1829 0.0696
004900 0.7299 0.1963 0.0739
005000 0.7325 0.1977 0.0698
005100 0.7232 0.2056 0.0712
005200 0.7416 0.1888 0.0696
005300 0.7297 0.1986 0.0717
005400 0.7366 0.1943 0.0690
005500 0.7332 0.1991 0.0677
005600 0.7461 0.1875 0.0664
005700 0.7347 0.1950 0.0703
005800 0.7423 0.1910 0.0667
005900 0.7338 0.1952 0.0709
006000 0.7333 0.1948 0.0719
006100 0.7372 0.1942 0.0686
006200 0.7338 0.1946 0.0716
006300 0.7341 0.1955 0.0705
006400 0.7419 0.1924 0.0658
006500 0.7323 0.1980 0.0697
006600 0.7345 0.1947 0.0709
006700 0.7255 0.2020 0.0725
006800 0.7424 0.1887 0.0689
006900 0.7335 0.1961 0.0703
007000 0.7395 0.1909 0.0696
007100 0.7298 0.1990 0.0712
007200 0.7307 0.1990 0.0703
007300 0.7294 0.1987 0.0719
007400 0.7444 0.1884 0.0672
007500 0.7372 0.1947 0.0681
007600 0.7427 0.1871 0.0701
007700 0.7273 0.1972 0.0755
007800 0.7349 0.1958 0.0693
007900 0.7370 0.1946 0.0684
008000 0.7347 0.1934 0.0720
008100 0.7311 0.1986 0.0703
008200 0.7464 0.1840 0.0697
008300 0.7375 0.1923 0.0702
008400 0.7293 0.1998 0.0709
008500 0.7366 0.1902 0.0731
008600 0.7391 0.1932 0.0677
008700 0.7257 0.2007 0.0736
008800 0.7451 0.1856 0.0694
008900 0.7207 0.2074 0.0719
009000 0.7379 0.1920 0.0701
009100 0.7292 0.1983 0.0724
009200 0.7410 0.1890 0.0700
009300 0.7327 0.1981 0.0691
009400 0.7423 0.1895 0.0682
009500 0.7402 0.1899 0.0700
009600 0.7338 0.1957 0.0705
009700 0.7351 0.1907 0.0742
009800 0.7273 0.1979 0.0748
009900 0.7440 0.1893 0.0668
010000 0.7191 0.2076 0.0733
010100 0.7353 0.1934 0.0713
010200 0.7353 0.1934 0.0713
010300 0.7353 0.1934 0.0713
010400 0.7353 0.1934 0.0713
010500 0.7353 0.1934 0.0713
010600 0.7353 0.1934 0.0713
010700 0.7353 0.1934 0.0713
010800 0.7353 0.1934 0.0713
010900 0.7353 0.1934 0.0713
011000 0.7353 0.1934 0.0713
011100 0.7353 0.1934 0.0713
011200 0.7353 0.1934 0.0713
011300 0.7353 0.1934 0.0713
011400 0.7353 0.1934 0.0713
011500 0.7353 0.1934 0.0713
011600 0.7353 0.1934 0.0713
011700 0.7353 0.1934 0.0713
011800 0.7353 0.1934 0.0713
011900 0.7353 0.1934 0.0713
012000 0.7353 0.1934 0.0713
012100 0.7353 0.1934 0.0713
012200 0.7353 0.1934 0.0713
012300 0.7353 0.1934 0.0713
012400 0.7353 0.1934 0.0713
012500 0.7353 0.1934 0.0713
012600 0.7353 0.1934 0.0713
012700 0.7353 0.1934 0.0713
012800 0.7353 0.1934 0.0713
012900 0.7353 0.1934 0.0713
013000 0.7353 0.1934 0.0713
013100 0.7353 0.1934 0.0713
013200 0.7353 0.1934 0.0713
013300 0.7353 0.1934 0.0713
013400 0.7353 0.1934 0.0713
013500 0.7353 0.1934 0.0713
013600 0.7353 0.1934 0.0713
013700 0.7353 0.1934 0.0713
013800 0.7353 0.1934 0.0713
013900 0.7353 0.1934 0.0713
014000 0.7353 0.1934 0.0713
014100 0.7353 0.1934 0.0713
014200 0.7353 0.1934 0.0713
014300 0.7353 0.1934 0.0713
014400 0.7353 0.1934 0.0713
014500 0.7353 0.1934 0.0713
014600 0.7353 0.1934 0.0713
014700 0.7353 0.1934 0.0713
014800 0.7353 0.1934 0.0713
014900 0.7353 0.1934 0.0713
015000 0.7353 0.1934 0.0713
015100 0.7353 0.1934 0.0713
015200 0.7353 0.1934 0.0713
015300 0.7353 0.1934 0.0713
015400 0.7353 0.1934 0.0713
015500 0.7353 0.1934 0.0713
015600 0.7353 0.1934 0.0713
015700 0.7353 0.1934 0.0713
015800 0.7353 0.1934 0.0713
015900 0.7353 0.1934 0.0713
016000 0.7353 0.1934 0.0713
016100 0.7353 0.1934 0.0713
016200 0.7353 0.1934 0.0713
016300 0.7353 0.1934 0.0713
016400 0.7353 0.1934 0.0713
016500 0.7353 0.1934 0.0713
016600 0.7353 0.1934 0.0713
016700 0.7353 0.1934 0.0713
016800 0.7353 0.1934 0.0713
016900 0.7353 0.1934 0.0713
017000 0.7353 0.1934 0.0713
017100 0.7353 0.1934 0.0713
017200 0.7353 0.1934 0.0713
017300 0.7353 0.1934 0.0713
017400 0.7353 0.1934 0.0713
017500 0.7353 0.1934 0.0713
017600 0.7353 0.1934 0.0713
017700 0.7353 0.1934 0.0713
017800 0.7353 0.1934 0.0713
017900 0.7353 0.1934 0.0713
018000 0.7353 0.1934 0.0713
018100 0.7353 0.1934 0.0713
018200 0.7353 0.1934 0.0713
018300 0.7353 0.1934 0.0713
018400 0.7353 0.1934 0.0713
018500 0.7353 0.1934 0.0713
018600 0.7353 0.1934 0.0713
018700 0.7353 0.1934 0.0713
018800 0.7353 0.1934 0.0713
018900 0.7353 0.1934 0.0713
019000 0.7353 0.1934 0.0713
019100 0.7353 0.1934 0.0713
019200 0.7353 0.1934 0.0713
019300 0.7353 0.1934 0.0713
019400 0.7353 0.1934 0.0713
019500 0.7353 0.1934 0.0713
019600 0.7353 0.1934 0.0713
019700 0.7353 0.1934 0.0713
019800 0.7353 0.1934 0.0713
019900 0.7353 0.1934 0.0713
020000 0.7353 0.1934 0.0713
