000000 0.3333 0.3326 0.3341
000010 0.3377 0.3387 0.3235
000020 0.3604 0.3691 0.2705
000030 0.4106 0.4273 0.1621
000040 0.4907 0.4490 0.0603
000050 0.5916 0.3936 0.0148
000060 0.6986 0.2966 0.0048
000070 0.7965 0.1996 0.0039
000080 0.8790 0.1165 0.0044
000090 0.9367 0.0579 0.0054
000100 0.9685 0.0244 0.0070
000110 0.9803 0.0100 0.0098
000120 0.9817 0.0064 0.0119
000130 0.9789 0.0067 0.0143
000140 0.9746 0.0088 0.0166
000150 0.9703 0.0113 0.0184
000160 0.9657 0.0137 0.0206
000170 0.9620 0.0160 0.0220
000180 0.9583 0.0181 0.0236
000190 0.9551 0.0193 0.0256
000200 0.9517 0.0199 0.0284
000210 0.9477 0.0220 0.0304
000220 0.9447 0.0240 0.0313
000230 0.9424 0.0257 0.0319
000240 0.9403 0.0288 0.0309
000250 0.9394 0.0307 0.0299
000260 0.9388 0.0318 0.0295
000270 0.9396 0.0305 0.0299
000280 0.9399 0.0292 0.0308
000290 0.9398 0.0289 0.0312
000300 0.9393 0.0305 0.0302
000310 0.9375 0.0325 0.0300
000320 0.9374 0.0330 0.0296
000330 0.9377 0.0322 0.0300
000340 0.9376 0.0312 0.0312
000350 0.9390 0.0311 0.0298
000360 0.9398 0.0306 0.0296
000370 0.9403 0.0288 0.0309
000380 0.9400 0.0277 0.0324
000390 0.9397 0.0271 0.0332
000400 0.9380 0.0289 0.0331
000410 0.9357 0.0325 0.0318
000420 0.9347 0.0342 0.0311
000430 0.9358 0.0324 0.0318
000440 0.9370 0.0301 0.0329
000450 0.9355 0.0313 0.0332
000460 0.9353 0.0329 0.0318
000470 0.9361 0.0348 0.0291
000480 0.9364 0.0361 0.0275
000490 0.9392 0.0339 0.0270
000500 0.9420 0.0299 0.0281
000510 0.9438 0.0274 0.0288
000520 0.9438 0.0262 0.0300
000530 0.9424 0.0255 0.0322
000540 0.9392 0.0261 0.0347
000550 0.9353 0.0285 0.0362
000560 0.9320 0.0313 0.0368
000570 0.9282 0.0339 0.0379
000580 0.9258 0.0354 0.0388
000590 0.9242 0.0374 0.0384
000600 0.9247 0.0384 0.0369
000610 0.9268 0.0383 0.0348
000620 0.9284 0.0394 0.0322
000630 0.9310 0.0385 0.0305
000640 0.9339 0.0365 0.0297
000650 0.9373 0.0335 0.0291
000660 0.9392 0.0305 0.0303
000670 0.9399 0.0282 0.0319
000680 0.9388 0.0280 0.0332
000690 0.9378 0.0291 0.0331
000700 0.9362 0.0303 0.0335
000710 0.9355 0.0306 0.0340
000720 0.9351 0.0317 0.0332
000730 0.9345 0.0333 0.0322
000740 0.9356 0.0337 0.0307
000750 0.9364 0.0330 0.0306
000760 0.9375 0.0323 0.0302
000770 0.9383 0.0309 0.0308
000780 0.9384 0.0299 0.0316
000790 0.9378 0.0298 0.0324
000800 0.9369 0.0310 0.0321
000810 0.9358 0.0312 0.0330
000820 0.9354 0.0319 0.0327
000830 0.9347 0.0335 0.0319
000840 0.9350 0.0338 0.0312
000850 0.9359 0.0330 0.0311
000860 0.9373 0.0309 0.0319
000870 0.9376 0.0294 0.0330
000880 0.9358 0.0300 0.0342
000890 0.9341 0.0317 0.0342
000900 0.9317 0.0341 0.0343
000910 0.9314 0.0346 0.0340
000920 0.9315 0.0345 0.0340
000930 0.9322 0.0341 0.0337
000940 0.9336 0.0331 0.0333
000950 0.9343 0.0337 0.0320
000960 0.9351 0.0336 0.0313
000970 0.9352 0.0340 0.0308
000980 0.9363 0.0338 0.0299
000990 0.9376 0.0325 0.0299
001000 0.9394 0.0304 0.0303
001010 0.9393 0.0306 0.0301
001020 0.9396 0.0313 0.0292
001030 0.9408 0.0308 0.0284
001040 0.9419 0.0288 0.0294
001050 0.9420 0.0280 0.0300
001060 0.9407 0.0283 0.0309
001070 0.9388 0.0290 0.0322
001080 0.9377 0.0294 0.0329
001090 0.9374 0.0294 0.0331
001100 0.9362 0.0310 0.0328
001110 0.9360 0.0321 0.0318
001120 0.9359 0.0335 0.0306
001130 0.9363 0.0342 0.0295
001140 0.9383 0.0335 0.0283
001150 0.9414 0.0318 0.0268
001160 0.9430 0.0298 0.0273
001170 0.9438 0.0277 0.0285
001180 0.9432 0.0259 0.0310
001190 0.9410 0.0264 0.0325
001200 0.9387 0.0270 0.0343
001210 0.9367 0.0285 0.0348
001220 0.9342 0.0312 0.0346
001230 0.9335 0.0336 0.0330
001240 0.9325 0.0356 0.0319
001250 0.9348 0.0349 0.0303
001260 0.9367 0.0327 0.0307
001270 0.9380 0.0310 0.0309
001280 0.9391 0.0297 0.0312
001290 0.9397 0.0290 0.0313
001300 0.9391 0.0296 0.0313
001310 0.9382 0.0307 0.0311
001320 0.9364 0.0319 0.0317
001330 0.9347 0.0325 0.0328
001340 0.9338 0.0331 0.0332
001350 0.9325 0.0341 0.0334
001360 0.9323 0.0348 0.0329
001370 0.9333 0.0342 0.0325
001380 0.9352 0.0328 0.0320
001390 0.9366 0.0328 0.0306
001400 0.9385 0.0328 0.0287
001410 0.9399 0.0322 0.0279
001420 0.9421 0.0308 0.0271
001430 0.9441 0.0279 0.0280
001440 0.9442 0.0254 0.0304
001450 0.9426 0.0257 0.0317
001460 0.9402 0.0286 0.0312
001470 0.9383 0.0305 0.0312
001480 0.9378 0.0313 0.0309
001490 0.9379 0.0308 0.0313
001500 0.9371 0.0306 0.0322
001510 0.9368 0.0316 0.0316
001520 0.9365 0.0329 0.0305
001530 0.9370 0.0328 0.0302
001540 0.9376 0.0332 0.0292
001550 0.9397 0.0327 0.0276
001560 0.9416 0.0301 0.0284
001570 0.9429 0.0279 0.0292
001580 0.9428 0.0264 0.0308
001590 0.9414 0.0265 0.0321
001600 0.9390 0.0280 0.0330
001610 0.9371 0.0293 0.0336
001620 0.9343 0.0311 0.0347
001630 0.9332 0.0321 0.0347
001640 0.9323 0.0330 0.0347
001650 0.9320 0.0341 0.0339
001660 0.9321 0.0347 0.0332
001670 0.9317 0.0345 0.0338
001680 0.9303 0.0353 0.0344
001690 0.9305 0.0349 0.0347
001700 0.9307 0.0342 0.0351
001710 0.9313 0.0338 0.0350
001720 0.9307 0.0348 0.0345
001730 0.9312 0.0356 0.0333
001740 0.9323 0.0356 0.0322
001750 0.9330 0.0346 0.0324
001760 0.9341 0.0329 0.0330
001770 0.9342 0.0310 0.0348
001780 0.9322 0.0310 0.0368
001790 0.9298 0.0317 0.0384
001800 0.9265 0.0329 0.0406
001810 0.9230 0.0355 0.0415
001820 0.9209 0.0375 0.0416
001830 0.9202 0.0405 0.0393
001840 0.9211 0.0415 0.0374
001850 0.9245 0.0401 0.0354
001860 0.9278 0.0387 0.0334
001870 0.9311 0.0358 0.0332
001880 0.9334 0.0338 0.0328
001890 0.9346 0.0324 0.0331
001900 0.9336 0.0319 0.0345
001910 0.9322 0.0330 0.0348
001920 0.9308 0.0351 0.0341
001930 0.9299 0.0362 0.0339
001940 0.9300 0.0375 0.0326
001950 0.9325 0.0369 0.0307
001960 0.9366 0.0332 0.0301
001970 0.9385 0.0302 0.0313
001980 0.9387 0.0288 0.0325
001990 0.9374 0.0284 0.0342
002000 0.9353 0.0297 0.0349
002010 0.9349 0.0306 0.0346
002020 0.9330 0.0328 0.0342
002030 0.9312 0.0356 0.0333
002040 0.9307 0.0374 0.0320
002050 0.9325 0.0360 0.0314
002060 0.9349 0.0337 0.0314
002070 0.9365 0.0323 0.0312
002080 0.9375 0.0325 0.0301
002090 0.9383 0.0327 0.0290
002100 0.9395 0.0315 0.0290
002110 0.9409 0.0299 0.0292
002120 0.9406 0.0285 0.0309
002130 0.9399 0.0275 0.0326
002140 0.9390 0.0283 0.0327
002150 0.9377 0.0292 0.0331
002160 0.9366 0.0304 0.0330
002170 0.9366 0.0317 0.0317
002180 0.9369 0.0336 0.0295
002190 0.9372 0.0342 0.0286
002200 0.9382 0.0333 0.0284
002210 0.9397 0.0309 0.0293
002220 0.9403 0.0295 0.0301
002230 0.9413 0.0280 0.0307
002240 0.9417 0.0283 0.0300
002250 0.9422 0.0279 0.0299
002260 0.9420 0.0280 0.0300
002270 0.9409 0.0288 0.0303
002280 0.9399 0.0298 0.0303
002290 0.9398 0.0299 0.0303
002300 0.9395 0.0297 0.0309
002310 0.9391 0.0293 0.0317
002320 0.9386 0.0281 0.0333
002330 0.9362 0.0286 0.0352
002340 0.9330 0.0303 0.0367
002350 0.9289 0.0345 0.0366
002360 0.9270 0.0392 0.0338
002370 0.9271 0.0407 0.0322
002380 0.9294 0.0387 0.0319
002390 0.9326 0.0356 0.0318
002400 0.9344 0.0335 0.0321
002410 0.9361 0.0316 0.0323
002420 0.9361 0.0313 0.0326
002430 0.9355 0.0314 0.0331
002440 0.9346 0.0330 0.0324
002450 0.9350 0.0339 0.0311
002460 0.9357 0.0336 0.0307
002470 0.9373 0.0324 0.0303
002480 0.9384 0.0315 0.0300
002490 0.9387 0.0309 0.0304
002500 0.9385 0.0307 0.0308
002510 0.9379 0.0305 0.0316
002520 0.9378 0.0300 0.0322
002530 0.9372 0.0304 0.0324
002540 0.9368 0.0307 0.0325
002550 0.9367 0.0310 0.0322
002560 0.9368 0.0300 0.0332
002570 0.9361 0.0302 0.0337
002580 0.9353 0.0295 0.0352
002590 0.9334 0.0308 0.0358
002600 0.9316 0.0331 0.0353
002610 0.9298 0.0363 0.0339
002620 0.9302 0.0375 0.0324
002630 0.9322 0.0357 0.0321
002640 0.9347 0.0330 0.0323
002650 0.9370 0.0317 0.0313
002660 0.9385 0.0307 0.0308
002670 0.9382 0.0317 0.0302
002680 0.9385 0.0320 0.0295
002690 0.9380 0.0314 0.0306
002700 0.9378 0.0311 0.0311
002710 0.9380 0.0301 0.0319
002720 0.9375 0.0291 0.0335
002730 0.9362 0.0292 0.0346
002740 0.9344 0.0312 0.0345
002750 0.9332 0.0329 0.0339
002760 0.9330 0.0350 0.0320
002770 0.9343 0.0356 0.0301
002780 0.9368 0.0335 0.0297
002790 0.9405 0.0309 0.0286
002800 0.9416 0.0302 0.0282
002810 0.9426 0.0288 0.0285
002820 0.9426 0.0280 0.0294
002830 0.9411 0.0273 0.0317
002840 0.9388 0.0270 0.0342
002850 0.9349 0.0292 0.0359
002860 0.9316 0.0317 0.0367
002870 0.9288 0.0340 0.0372
002880 0.9271 0.0366 0.0363
002890 0.9262 0.0374 0.0364
002900 0.9261 0.0378 0.0361
002910 0.9275 0.0373 0.0352
002920 0.9290 0.0366 0.0344
002930 0.9312 0.0353 0.0335
002940 0.9323 0.0348 0.0329
002950 0.9325 0.0341 0.0334
002960 0.9326 0.0333 0.0340
002970 0.9323 0.0323 0.0354
002980 0.9324 0.0322 0.0354
002990 0.9327 0.0325 0.0348
003000 0.9324 0.0338 0.0338
003010 0.9330 0.0341 0.0329
003020 0.9342 0.0336 0.0322
003030 0.9354 0.0325 0.0321
003040 0.9358 0.0307 0.0335
003050 0.9355 0.0305 0.0340
003060 0.9335 0.0309 0.0356
003070 0.9302 0.0332 0.0366
003080 0.9284 0.0358 0.0359
003090 0.9280 0.0367 0.0353
003100 0.9296 0.0369 0.0335
003110 0.9319 0.0369 0.0312
003120 0.9354 0.0350 0.0296
003130 0.9376 0.0332 0.0292
003140 0.9395 0.0307 0.0298
003150 0.9413 0.0274 0.0314
003160 0.9405 0.0269 0.0326
003170 0.9379 0.0294 0.0327
003180 0.9362 0.0312 0.0327
003190 0.9349 0.0328 0.0324
003200 0.9342 0.0347 0.0311
003210 0.9360 0.0358 0.0282
003220 0.9393 0.0353 0.0254
003230 0.9436 0.0319 0.0245
003240 0.9475 0.0272 0.0253
003250 0.9487 0.0250 0.0262
003260 0.9473 0.0244 0.0283
003270 0.9450 0.0253 0.0296
003280 0.9427 0.0257 0.0316
003290 0.9403 0.0263 0.0334
003300 0.9378 0.0260 0.0362
003310 0.9342 0.0270 0.0388
003320 0.9304 0.0305 0.0391
003330 0.9273 0.0355 0.0372
003340 0.9255 0.0396 0.0349
003350 0.9247 0.0410 0.0342
003360 0.9275 0.0395 0.0330
003370 0.9305 0.0366 0.0330
003380 0.9336 0.0340 0.0324
003390 0.9348 0.0323 0.0329
003400 0.9352 0.0314 0.0334
003410 0.9351 0.0307 0.0342
003420 0.9329 0.0321 0.0350
003430 0.9321 0.0324 0.0355
003440 0.9311 0.0324 0.0365
003450 0.9288 0.0348 0.0364
003460 0.9277 0.0365 0.0357
003470 0.9274 0.0385 0.0341
003480 0.9292 0.0386 0.0322
003490 0.9318 0.0367 0.0316
003500 0.9336 0.0346 0.0318
003510 0.9344 0.0329 0.0328
003520 0.9358 0.0325 0.0317
003530 0.9367 0.0316 0.0317
003540 0.9370 0.0318 0.0312
003550 0.9376 0.0327 0.0297
003560 0.9394 0.0316 0.0290
003570 0.9404 0.0297 0.0299
003580 0.9398 0.0285 0.0316
003590 0.9390 0.0274 0.0336
003600 0.9372 0.0270 0.0357
003610 0.9333 0.0285 0.0381
003620 0.9298 0.0319 0.0383
003630 0.9264 0.0349 0.0386
003640 0.9234 0.0376 0.0390
003650 0.9218 0.0395 0.0387
003660 0.9203 0.0411 0.0386
003670 0.9212 0.0404 0.0384
003680 0.9219 0.0408 0.0373
003690 0.9239 0.0411 0.0350
003700 0.9263 0.0405 0.0331
003710 0.9297 0.0399 0.0303
003720 0.9339 0.0376 0.0284
003730 0.9381 0.0344 0.0275
003740 0.9423 0.0314 0.0263
003750 0.9455 0.0287 0.0258
003760 0.9468 0.0266 0.0266
003770 0.9463 0.0259 0.0278
003780 0.9450 0.0262 0.0288
003790 0.9427 0.0272 0.0301
003800 0.9420 0.0276 0.0304
003810 0.9406 0.0287 0.0306
003820 0.9400 0.0286 0.0314
003830 0.9381 0.0282 0.0337
003840 0.9352 0.0285 0.0363
003850 0.9317 0.0306 0.0377
003860 0.9294 0.0331 0.0375
003870 0.9272 0.0370 0.0358
003880 0.9280 0.0393 0.0326
003890 0.9315 0.0377 0.0308
003900 0.9354 0.0356 0.0290
003910 0.9374 0.0348 0.0279
003920 0.9403 0.0323 0.0273
003930 0.9431 0.0292 0.0277
003940 0.9446 0.0268 0.0286
003950 0.9438 0.0259 0.0304
003960 0.9408 0.0260 0.0332
003970 0.9373 0.0258 0.0369
003980 0.9316 0.0276 0.0409
003990 0.9264 0.0300 0.0437
004000 0.9213 0.0325 0.0462
004010 0.9161 0.0357 0.0482
004020 0.9112 0.0402 0.0487
004030 0.9080 0.0434 0.0486
004040 0.9061 0.0468 0.0470
004050 0.9070 0.0495 0.0435
004060 0.9096 0.0504 0.0400
004070 0.9135 0.0473 0.0392
004080 0.9177 0.0435 0.0388
004090 0.9199 0.0417 0.0384
004100 0.9224 0.0397 0.0379
004110 0.9233 0.0388 0.0380
004120 0.9243 0.0386 0.0371
004130 0.9256 0.0373 0.0371
004140 0.9261 0.0375 0.0365
004150 0.9272 0.0367 0.0361
004160 0.9271 0.0359 0.0370
004170 0.9268 0.0349 0.0383
004180 0.9277 0.0355 0.0368
004190 0.9276 0.0369 0.0355
004200 0.9286 0.0363 0.0350
004210 0.9291 0.0359 0.0350
004220 0.9298 0.0354 0.0348
004230 0.9302 0.0355 0.0343
004240 0.9305 0.0359 0.0336
004250 0.9305 0.0354 0.0341
004260 0.9307 0.0338 0.0354
004270 0.9305 0.0326 0.0368
004280 0.9291 0.0343 0.0366
004290 0.9281 0.0362 0.0356
004300 0.9278 0.0377 0.0345
004310 0.9300 0.0369 0.0331
004320 0.9326 0.0357 0.0317
004330 0.9354 0.0355 0.0290
004340 0.9391 0.0346 0.0263
004350 0.9420 0.0335 0.0245
004360 0.9452 0.0304 0.0244
004370 0.9483 0.0275 0.0242
004380 0.9499 0.0249 0.0252
004390 0.9496 0.0235 0.0269
004400 0.9476 0.0234 0.0290
004410 0.9440 0.0235 0.0325
004420 0.9404 0.0246 0.0350
004430 0.9365 0.0267 0.0368
004440 0.9337 0.0292 0.0371
004450 0.9312 0.0326 0.0362
004460 0.9297 0.0354 0.0349
004470 0.9313 0.0355 0.0332
004480 0.9330 0.0350 0.0320
004490 0.9341 0.0346 0.0313
004500 0.9360 0.0345 0.0295
004510 0.9376 0.0337 0.0287
004520 0.9397 0.0312 0.0291
004530 0.9402 0.0296 0.0302
004540 0.9401 0.0280 0.0319
004550 0.9385 0.0271 0.0344
004560 0.9367 0.0273 0.0360
004570 0.9333 0.0288 0.0379
004580 0.9304 0.0321 0.0375
004590 0.9281 0.0362 0.0357
004600 0.9269 0.0387 0.0343
004610 0.9281 0.0391 0.0328
004620 0.9306 0.0374 0.0319
004630 0.9329 0.0353 0.0318
004640 0.9352 0.0328 0.0320
004650 0.9362 0.0320 0.0318
004660 0.9364 0.0325 0.0311
004670 0.9368 0.0321 0.0311
004680 0.9367 0.0318 0.0314
004690 0.9372 0.0307 0.0321
004700 0.9366 0.0307 0.0328
004710 0.9352 0.0320 0.0328
004720 0.9352 0.0329 0.0319
004730 0.9367 0.0324 0.0309
004740 0.9388 0.0313 0.0299
004750 0.9396 0.0306 0.0298
004760 0.9409 0.0290 0.0302
004770 0.9417 0.0277 0.0306
004780 0.9408 0.0274 0.0317
004790 0.9390 0.0288 0.0321
004800 0.9375 0.0309 0.0316
004810 0.9373 0.0324 0.0303
004820 0.9382 0.0332 0.0286
004830 0.9400 0.0328 0.0272
004840 0.9423 0.0308 0.0269
004850 0.9442 0.0281 0.0277
004860 0.9433 0.0266 0.0301
004870 0.9421 0.0256 0.0323
004880 0.9399 0.0271 0.0330
004890 0.9368 0.0304 0.0329
004900 0.9346 0.0329 0.0325
004910 0.9352 0.0339 0.0309
004920 0.9368 0.0324 0.0308
004930 0.9374 0.0308 0.0318
004940 0.9368 0.0298 0.0333
004950 0.9345 0.0304 0.0351
004960 0.9329 0.0309 0.0362
004970 0.9306 0.0316 0.0377
004980 0.9289 0.0329 0.0382
004990 0.9265 0.0350 0.0384
005000 0.9250 0.0371 0.0379
005010 0.9240 0.0393 0.0367
005020 0.9253 0.0389 0.0358
005030 0.9270 0.0372 0.0357
005040 0.9286 0.0353 0.0360
005050 0.9286 0.0348 0.0366
005060 0.9281 0.0362 0.0357
005070 0.9285 0.0370 0.0346
005080 0.9298 0.0359 0.0343
005090 0.9306 0.0342 0.0352
005100 0.9314 0.0334 0.0353
005110 0.9315 0.0332 0.0354
005120 0.9310 0.0331 0.0359
005130 0.9313 0.0328 0.0359
005140 0.9315 0.0331 0.0354
005150 0.9317 0.0333 0.0351
005160 0.9310 0.0350 0.0339
005170 0.9311 0.0364 0.0326
005180 0.9325 0.0356 0.0318
005190 0.9336 0.0337 0.0328
005200 0.9341 0.0329 0.0330
005210 0.9343 0.0327 0.0331
005220 0.9337 0.0332 0.0331
005230 0.9327 0.0325 0.0348
005240 0.9319 0.0321 0.0360
005250 0.9300 0.0320 0.0380
005260 0.9283 0.0319 0.0398
005270 0.9260 0.0342 0.0398
005280 0.9243 0.0360 0.0397
005290 0.9233 0.0376 0.0391
005300 0.9216 0.0402 0.0382
005310 0.9211 0.0429 0.0361
005320 0.9236 0.0424 0.0340
005330 0.9280 0.0407 0.0312
005340 0.9335 0.0372 0.0293
005350 0.9379 0.0337 0.0284
005360 0.9415 0.0306 0.0280
005370 0.9431 0.0286 0.0283
005380 0.9436 0.0274 0.0291
005390 0.9439 0.0255 0.0306
005400 0.9426 0.0256 0.0319
005410 0.9405 0.0265 0.0330
005420 0.9369 0.0295 0.0336
005430 0.9347 0.0311 0.0342
005440 0.9330 0.0316 0.0354
005450 0.9324 0.0310 0.0367
005460 0.9301 0.0321 0.0378
005470 0.9290 0.0331 0.0379
005480 0.9279 0.0350 0.0370
005490 0.9276 0.0376 0.0348
005500 0.9294 0.0389 0.0317
005510 0.9314 0.0384 0.0302
005520 0.9349 0.0360 0.0291
005530 0.9375 0.0339 0.0286
005540 0.9405 0.0318 0.0277
005550 0.9418 0.0308 0.0274
005560 0.9440 0.0292 0.0268
005570 0.9462 0.0270 0.0267
005580 0.9469 0.0250 0.0282
005590 0.9461 0.0238 0.0301
005600 0.9431 0.0233 0.0335
005610 0.9395 0.0239 0.0367
005620 0.9344 0.0266 0.0391
005630 0.9294 0.0297 0.0408
005640 0.9258 0.0318 0.0424
005650 0.9223 0.0352 0.0425
005660 0.9195 0.0388 0.0418
005670 0.9184 0.0420 0.0396
005680 0.9190 0.0432 0.0378
005690 0.9210 0.0427 0.0363
005700 0.9236 0.0412 0.0352
005710 0.9269 0.0383 0.0347
005720 0.9300 0.0351 0.0349
005730 0.9312 0.0337 0.0351
005740 0.9311 0.0333 0.0356
005750 0.9298 0.0344 0.0358
005760 0.9280 0.0353 0.0367
005770 0.9277 0.0346 0.0377
005780 0.9268 0.0349 0.0383
005790 0.9263 0.0366 0.0371
005800 0.9253 0.0368 0.0379
005810 0.9247 0.0377 0.0377
005820 0.9261 0.0368 0.0371
005830 0.9273 0.0357 0.0370
005840 0.9281 0.0357 0.0362
005850 0.9286 0.0360 0.0354
005860 0.9291 0.0355 0.0354
005870 0.9288 0.0354 0.0358
005880 0.9286 0.0331 0.0384
005890 0.9277 0.0326 0.0397
005900 0.9248 0.0337 0.0415
005910 0.9212 0.0362 0.0426
005920 0.9179 0.0387 0.0434
005930 0.9160 0.0406 0.0434
005940 0.9157 0.0417 0.0426
005950 0.9170 0.0422 0.0408
005960 0.9201 0.0415 0.0384
005970 0.9208 0.0409 0.0383
005980 0.9225 0.0407 0.0369
005990 0.9241 0.0403 0.0356
006000 0.9262 0.0391 0.0347
006010 0.9289 0.0379 0.0331
006020 0.9333 0.0350 0.0317
006030 0.9359 0.0335 0.0307
006040 0.9383 0.0323 0.0294
006050 0.9403 0.0309 0.0289
006060 0.9419 0.0290 0.0290
006070 0.9424 0.0277 0.0298
006080 0.9420 0.0274 0.0306
006090 0.9409 0.0277 0.0313
006100 0.9387 0.0294 0.0319
006110 0.9376 0.0306 0.0318
006120 0.9361 0.0323 0.0317
006130 0.9356 0.0314 0.0331
006140 0.9352 0.0298 0.0349
006150 0.9331 0.0299 0.0370
006160 0.9310 0.0315 0.0374
006170 0.9286 0.0333 0.0381
006180 0.9258 0.0359 0.0383
006190 0.9239 0.0375 0.0386
006200 0.9225 0.0393 0.0382
006210 0.9225 0.0403 0.0372
006220 0.9232 0.0423 0.0345
006230 0.9268 0.0406 0.0326
006240 0.9303 0.0367 0.0330
006250 0.9333 0.0328 0.0339
006260 0.9328 0.0309 0.0363
006270 0.9315 0.0303 0.0382
006280 0.9301 0.0312 0.0387
006290 0.9277 0.0344 0.0379
006300 0.9259 0.0368 0.0372
006310 0.9254 0.0376 0.0371
006320 0.9262 0.0363 0.0375
006330 0.9259 0.0358 0.0383
006340 0.9250 0.0361 0.0388
006350 0.9252 0.0381 0.0367
006360 0.9267 0.0400 0.0334
006370 0.9294 0.0386 0.0320
006380 0.9326 0.0363 0.0310
006390 0.9349 0.0345 0.0306
006400 0.9367 0.0335 0.0298
006410 0.9384 0.0316 0.0299
006420 0.9389 0.0302 0.0309
006430 0.9390 0.0297 0.0312
006440 0.9385 0.0294 0.0321
006450 0.9387 0.0292 0.0322
006460 0.9387 0.0302 0.0311
006470 0.9383 0.0327 0.0290
006480 0.9389 0.0330 0.0282
006490 0.9403 0.0303 0.0294
006500 0.9414 0.0269 0.0317
006510 0.9398 0.0260 0.0342
006520 0.9367 0.0266 0.0367
006530 0.9327 0.0285 0.0388
006540 0.9282 0.0317 0.0401
006550 0.9246 0.0358 0.0396
006560 0.9215 0.0388 0.0396
006570 0.9201 0.0404 0.0395
006580 0.9191 0.0415 0.0394
006590 0.9196 0.0421 0.0383
006600 0.9210 0.0417 0.0373
006610 0.9229 0.0412 0.0359
006620 0.9262 0.0395 0.0343
006630 0.9290 0.0377 0.0333
006640 0.9313 0.0352 0.0335
006650 0.9317 0.0332 0.0351
006660 0.9308 0.0312 0.0379
006670 0.9282 0.0305 0.0414
006680 0.9254 0.0315 0.0431
006690 0.9221 0.0341 0.0438
006700 0.9192 0.0373 0.0434
006710 0.9177 0.0396 0.0427
006720 0.9161 0.0423 0.0416
006730 0.9151 0.0447 0.0402
006740 0.9161 0.0451 0.0388
006750 0.9185 0.0430 0.0385
006760 0.9206 0.0407 0.0387
006770 0.9214 0.0397 0.0389
006780 0.9220 0.0392 0.0387
006790 0.9223 0.0392 0.0384
006800 0.9232 0.0379 0.0389
006810 0.9242 0.0361 0.0397
006820 0.9235 0.0366 0.0399
006830 0.9226 0.0380 0.0394
006840 0.9225 0.0396 0.0379
006850 0.9227 0.0392 0.0380
006860 0.9229 0.0376 0.0395
006870 0.9236 0.0360 0.0404
006880 0.9229 0.0369 0.0401
006890 0.9217 0.0376 0.0407
006900 0.9213 0.0379 0.0408
006910 0.9204 0.0396 0.0400
006920 0.9208 0.0401 0.0391
006930 0.9217 0.0398 0.0385
006940 0.9236 0.0389 0.0375
006950 0.9263 0.0368 0.0369
006960 0.9280 0.0358 0.0362
006970 0.9292 0.0359 0.0349
006980 0.9305 0.0351 0.0343
006990 0.9321 0.0339 0.0340
007000 0.9319 0.0345 0.0336
007010 0.9317 0.0352 0.0331
007020 0.9311 0.0361 0.0328
007030 0.9319 0.0359 0.0322
007040 0.9333 0.0358 0.0309
007050 0.9358 0.0349 0.0293
007060 0.9386 0.0330 0.0284
007070 0.9414 0.0319 0.0267
007080 0.9440 0.0300 0.0260
007090 0.9456 0.0279 0.0265
007100 0.9470 0.0259 0.0272
007110 0.9465 0.0243 0.0291
007120 0.9450 0.0240 0.0310
007130 0.9420 0.0259 0.0321
007140 0.9384 0.0291 0.0325
007150 0.9365 0.0314 0.0322
007160 0.9356 0.0326 0.0318
007170 0.9370 0.0327 0.0304
007180 0.9385 0.0314 0.0301
007190 0.9393 0.0294 0.0314
007200 0.9387 0.0288 0.0325
007210 0.9373 0.0292 0.0335
007220 0.9354 0.0305 0.0341
007230 0.9347 0.0315 0.0338
007240 0.9337 0.0330 0.0334
007250 0.9331 0.0332 0.0337
007260 0.9332 0.0323 0.0344
007270 0.9337 0.0317 0.0346
007280 0.9333 0.0330 0.0338
007290 0.9337 0.0342 0.0321
007300 0.9347 0.0340 0.0313
007310 0.9359 0.0330 0.0312
007320 0.9363 0.0322 0.0315
007330 0.9367 0.0320 0.0314
007340 0.9378 0.0314 0.0308
007350 0.9394 0.0315 0.0291
007360 0.9413 0.0309 0.0278
007370 0.9427 0.0308 0.0265
007380 0.9454 0.0296 0.0250
007390 0.9468 0.0278 0.0254
007400 0.9484 0.0256 0.0261
007410 0.9480 0.0248 0.0273
007420 0.9461 0.0246 0.0293
007430 0.9435 0.0251 0.0315
007440 0.9413 0.0260 0.0328
007450 0.9391 0.0273 0.0335
007460 0.9371 0.0292 0.0337
007470 0.9342 0.0320 0.0338
007480 0.9319 0.0334 0.0347
007490 0.9306 0.0331 0.0363
007500 0.9296 0.0325 0.0379
007510 0.9282 0.0327 0.0391
007520 0.9268 0.0342 0.0390
007530 0.9259 0.0368 0.0373
007540 0.9243 0.0404 0.0353
007550 0.9252 0.0403 0.0344
007560 0.9273 0.0379 0.0348
007570 0.9291 0.0361 0.0348
007580 0.9312 0.0358 0.0330
007590 0.9323 0.0347 0.0330
007600 0.9328 0.0333 0.0338
007610 0.9324 0.0322 0.0353
007620 0.9318 0.0315 0.0367
007630 0.9294 0.0337 0.0369
007640 0.9276 0.0355 0.0370
007650 0.9272 0.0363 0.0364
007660 0.9269 0.0365 0.0366
007670 0.9268 0.0362 0.0369
007680 0.9266 0.0363 0.0371
007690 0.9269 0.0363 0.0368
007700 0.9273 0.0357 0.0371
007710 0.9270 0.0364 0.0367
007720 0.9274 0.0374 0.0352
007730 0.9277 0.0378 0.0345
007740 0.9286 0.0364 0.0350
007750 0.9291 0.0349 0.0360
007760 0.9287 0.0337 0.0376
007770 0.9273 0.0341 0.0386
007780 0.9252 0.0364 0.0384
007790 0.9235 0.0398 0.0367
007800 0.9248 0.0403 0.0349
007810 0.9275 0.0391 0.0333
007820 0.9311 0.0368 0.0322
007830 0.9340 0.0342 0.0318
007840 0.9354 0.0325 0.0321
007850 0.9359 0.0318 0.0323
007860 0.9362 0.0307 0.0331
007870 0.9350 0.0312 0.0338
007880 0.9331 0.0323 0.0345
007890 0.9314 0.0343 0.0342
007900 0.9300 0.0353 0.0347
007910 0.9292 0.0358 0.0350
007920 0.9288 0.0358 0.0354
007930 0.9302 0.0352 0.0346
007940 0.9311 0.0350 0.0339
007950 0.9320 0.0352 0.0328
007960 0.9336 0.0344 0.0319
007970 0.9347 0.0329 0.0323
007980 0.9357 0.0310 0.0332
007990 0.9375 0.0295 0.0330
008000 0.9362 0.0304 0.0334
008010 0.9354 0.0315 0.0331
008020 0.9345 0.0333 0.0322
008030 0.9348 0.0345 0.0307
008040 0.9369 0.0343 0.0287
008050 0.9394 0.0315 0.0291
008060 0.9410 0.0296 0.0294
008070 0.9417 0.0288 0.0295
008080 0.9416 0.0286 0.0298
008090 0.9409 0.0281 0.0310
008100 0.9406 0.0273 0.0320
008110 0.9395 0.0277 0.0329
008120 0.9380 0.0299 0.0320
008130 0.9381 0.0310 0.0309
008140 0.9375 0.0311 0.0314
008150 0.9368 0.0315 0.0317
008160 0.9368 0.0312 0.0320
008170 0.9363 0.0315 0.0322
008180 0.9370 0.0301 0.0329
008190 0.9360 0.0295 0.0345
008200 0.9347 0.0312 0.0341
008210 0.9339 0.0334 0.0328
008220 0.9345 0.0338 0.0318
008230 0.9355 0.0332 0.0313
008240 0.9363 0.0326 0.0312
008250 0.9367 0.0324 0.0309
008260 0.9370 0.0317 0.0313
008270 0.9363 0.0316 0.0321
008280 0.9352 0.0313 0.0336
008290 0.9342 0.0325 0.0332
008300 0.9345 0.0338 0.0317
008310 0.9369 0.0329 0.0302
008320 0.9387 0.0316 0.0297
008330 0.9395 0.0305 0.0300
008340 0.9414 0.0283 0.0303
008350 0.9411 0.0275 0.0314
008360 0.9394 0.0285 0.0321
008370 0.9386 0.0301 0.0313
008380 0.9397 0.0302 0.0301
008390 0.9395 0.0308 0.0298
008400 0.9400 0.0297 0.0303
008410 0.9410 0.0282 0.0308
008420 0.9418 0.0270 0.0312
008430 0.9406 0.0275 0.0319
008440 0.9390 0.0302 0.0309
008450 0.9378 0.0324 0.0298
008460 0.9374 0.0329 0.0297
008470 0.9389 0.0322 0.0288
008480 0.9421 0.0307 0.0272
008490 0.9443 0.0278 0.0279
008500 0.9459 0.0267 0.0274
008510 0.9465 0.0261 0.0274
008520 0.9469 0.0263 0.0268
008530 0.9454 0.0277 0.0269
008540 0.9446 0.0274 0.0280
008550 0.9436 0.0269 0.0295
008560 0.9432 0.0263 0.0305
008570 0.9419 0.0267 0.0315
008580 0.9397 0.0280 0.0323
008590 0.9381 0.0297 0.0322
008600 0.9360 0.0319 0.0322
008610 0.9350 0.0334 0.0317
008620 0.9358 0.0339 0.0303
008630 0.9367 0.0334 0.0299
008640 0.9375 0.0328 0.0298
008650 0.9384 0.0329 0.0287
008660 0.9409 0.0319 0.0272
008670 0.9432 0.0305 0.0263
008680 0.9450 0.0287 0.0263
008690 0.9446 0.0275 0.0279
008700 0.9448 0.0263 0.0289
008710 0.9447 0.0253 0.0300
008720 0.9431 0.0260 0.0309
008730 0.9409 0.0267 0.0324
008740 0.9391 0.0269 0.0339
008750 0.9368 0.0288 0.0344
008760 0.9345 0.0308 0.0346
008770 0.9336 0.0333 0.0331
008780 0.9346 0.0351 0.0302
008790 0.9366 0.0337 0.0296
008800 0.9397 0.0309 0.0295
008810 0.9410 0.0293 0.0298
008820 0.9406 0.0291 0.0303
008830 0.9403 0.0294 0.0304
008840 0.9386 0.0305 0.0309
008850 0.9374 0.0307 0.0319
008860 0.9355 0.0310 0.0335
008870 0.9346 0.0303 0.0351
008880 0.9332 0.0309 0.0359
008890 0.9309 0.0340 0.0351
008900 0.9295 0.0372 0.0332
008910 0.9292 0.0392 0.0316
008920 0.9315 0.0374 0.0311
008930 0.9338 0.0330 0.0332
008940 0.9340 0.0310 0.0350
008950 0.9335 0.0308 0.0357
008960 0.9312 0.0314 0.0374
008970 0.9279 0.0328 0.0392
008980 0.9255 0.0348 0.0397
008990 0.9245 0.0371 0.0384
009000 0.9250 0.0383 0.0367
009010 0.9261 0.0396 0.0343
009020 0.9281 0.0392 0.0326
009030 0.9309 0.0378 0.0313
009040 0.9344 0.0355 0.0302
009050 0.9374 0.0316 0.0310
009060 0.9387 0.0286 0.0327
009070 0.9378 0.0281 0.0342
009080 0.9355 0.0291 0.0354
009090 0.9332 0.0309 0.0360
009100 0.9310 0.0331 0.0358
009110 0.9294 0.0345 0.0361
009120 0.9291 0.0356 0.0353
009130 0.9282 0.0369 0.0349
009140 0.9281 0.0378 0.0341
009150 0.9290 0.0368 0.0342
009160 0.9301 0.0358 0.0341
009170 0.9316 0.0356 0.0329
009180 0.9343 0.0345 0.0311
009190 0.9373 0.0336 0.0291
009200 0.9402 0.0319 0.0279
009210 0.9432 0.0294 0.0274
009220 0.9443 0.0278 0.0278
009230 0.9449 0.0262 0.0289
009240 0.9436 0.0254 0.0310
009250 0.9413 0.0271 0.0316
009260 0.9397 0.0286 0.0317
009270 0.9382 0.0291 0.0328
009280 0.9358 0.0295 0.0347
009290 0.9334 0.0315 0.0351
009300 0.9321 0.0338 0.0341
009310 0.9314 0.0352 0.0334
009320 0.9326 0.0340 0.0335
009330 0.9336 0.0332 0.0332
009340 0.9341 0.0334 0.0325
009350 0.9342 0.0335 0.0323
009360 0.9348 0.0329 0.0323
009370 0.9370 0.0315 0.0315
009380 0.9380 0.0308 0.0312
009390 0.9389 0.0312 0.0299
009400 0.9398 0.0319 0.0283
009410 0.9410 0.0318 0.0272
009420 0.9433 0.0315 0.0252
009430 0.9445 0.0300 0.0255
009440 0.9471 0.0267 0.0262
009450 0.9477 0.0246 0.0277
009460 0.9465 0.0245 0.0290
009470 0.9446 0.0257 0.0298
009480 0.9425 0.0269 0.0306
009490 0.9406 0.0282 0.0311
009500 0.9393 0.0282 0.0325
009510 0.9372 0.0296 0.0332
009520 0.9361 0.0314 0.0325
009530 0.9354 0.0326 0.0321
009540 0.9365 0.0325 0.0310
009550 0.9378 0.0315 0.0307
009560 0.9389 0.0307 0.0304
009570 0.9387 0.0304 0.0308
009580 0.9389 0.0298 0.0313
009590 0.9374 0.0308 0.0319
009600 0.9362 0.0298 0.0340
009610 0.9343 0.0285 0.0372
009620 0.9310 0.0287 0.0404
009630 0.9280 0.0307 0.0413
009640 0.9248 0.0343 0.0410
009650 0.9219 0.0388 0.0393
009660 0.9219 0.0398 0.0383
009670 0.9229 0.0405 0.0366
009680 0.9241 0.0408 0.0351
009690 0.9266 0.0397 0.0337
009700 0.9282 0.0369 0.0349
009710 0.9283 0.0352 0.0365
009720 0.9279 0.0352 0.0370
009730 0.9281 0.0358 0.0361
009740 0.9292 0.0367 0.0341
009750 0.9297 0.0364 0.0339
009760 0.9311 0.0353 0.0336
009770 0.9324 0.0340 0.0336
009780 0.9338 0.0321 0.0341
009790 0.9348 0.0311 0.0342
009800 0.9350 0.0317 0.0333
009810 0.9343 0.0329 0.0328
009820 0.9345 0.0332 0.0323
009830 0.9355 0.0323 0.0322
009840 0.9351 0.0311 0.0338
009850 0.9339 0.0306 0.0355
009860 0.9319 0.0312 0.0369
009870 0.9302 0.0324 0.0375
009880 0.9288 0.0338 0.0374
009890 0.9273 0.0363 0.0365
009900 0.9273 0.0377 0.0350
009910 0.9283 0.0387 0.0330
009920 0.9308 0.0379 0.0313
009930 0.9339 0.0358 0.0303
009940 0.9360 0.0339 0.0301
009950 0.9376 0.0314 0.0310
009960 0.9391 0.0295 0.0314
009970 0.9389 0.0285 0.0326
009980 0.9370 0.0280 0.0350
009990 0.9343 0.0293 0.0364
010000 0.9315 0.0314 0.0371
010010 0.9295 0.0325 0.0380
010020 0.9295 0.0325 0.0380
010030 0.9295 0.0325 0.0380
010040 0.9295 0.0325 0.0380
010050 0.9295 0.0325 0.0380
010060 0.9295 0.0325 0.0380
010070 0.9295 0.0325 0.0380
010080 0.9295 0.0325 0.0380
010090 0.9295 0.0325 0.0380
010100 0.9295 0.0325 0.0380
010110 0.9295 0.0325 0.0380
010120 0.9295 0.0325 0.0380
010130 0.9295 0.0325 0.0380
010140 0.9295 0.0325 0.0380
010150 0.9295 0.0325 0.0380
010160 0.9295 0.0325 0.0380
010170 0.9295 0.0325 0.0380
010180 0.9295 0.0325 0.0380
010190 0.9295 0.0325 0.0380
010200 0.9295 0.0325 0.0380
010210 0.9295 0.0325 0.0380
010220 0.9295 0.0325 0.0380
010230 0.9295 0.0325 0.0380
010240 0.9295 0.0325 0.0380
010250 0.9295 0.0325 0.0380
010260 0.9295 0.0325 0.0380
010270 0.9295 0.0325 0.0380
010280 0.9295 0.0325 0.0380
010290 0.9295 0.0325 0.0380
010300 0.9295 0.0325 0.0380
010310 0.9295 0.0325 0.0380
010320 0.9295 0.0325 0.0380
010330 0.9295 0.0325 0.0380
010340 0.9295 0.0325 0.0380
010350 0.9295 0.0325 0.0380
010360 0.9295 0.0325 0.0380
010370 0.9295 0.0325 0.0380
010380 0.9295 0.0325 0.0380
010390 0.9295 0.0325 0.0380
010400 0.9295 0.0325 0.0380
010410 0.9295 0.0325 0.0380
010420 0.9295 0.0325 0.0380
010430 0.9295 0.0325 0.0380
010440 0.9295 0.0325 0.0380
010450 0.9295 0.0325 0.0380
010460 0.9295 0.0325 0.0380
010470 0.9295 0.0325 0.0380
010480 0.9295 0.0325 0.0380
010490 0.9295 0.0325 0.0380
010500 0.9295 0.0325 0.0380
010510 0.9295 0.0325 0.0380
010520 0.9295 0.0325 0.0380
010530 0.9295 0.0325 0.0380
010540 0.9295 0.0325 0.0380
010550 0.9295 0.0325 0.0380
010560 0.9295 0.0325 0.0380
010570 0.9295 0.0325 0.0380
010580 0.9295 0.0325 0.0380
010590 0.9295 0.0325 0.0380
010600 0.9295 0.0325 0.0380
010610 0.9295 0.0325 0.0380
010620 0.9295 0.0325 0.0380
010630 0.9295 0.0325 0.0380
010640 0.9295 0.0325 0.0380
010650 0.9295 0.0325 0.0380
010660 0.9295 0.0325 0.0380
010670 0.9295 0.0325 0.0380
010680 0.9295 0.0325 0.0380
010690 0.9295 0.0325 0.0380
010700 0.9295 0.0325 0.0380
010710 0.9295 0.0325 0.0380
010720 0.9295 0.0325 0.0380
010730 0.9295 0.0325 0.0380
010740 0.9295 0.0325 0.0380
010750 0.9295 0.0325 0.0380
010760 0.9295 0.0325 0.0380
010770 0.9295 0.0325 0.0380
010780 0.9295 0.0325 0.0380
010790 0.9295 0.0325 0.0380
010800 0.9295 0.0325 0.0380
010810 0.9295 0.0325 0.0380
010820 0.9295 0.0325 0.0380
010830 0.9295 0.0325 0.0380
010840 0.9295 0.0325 0.0380
010850 0.9295 0.0325 0.0380
010860 0.9295 0.0325 0.0380
010870 0.9295 0.0325 0.0380
010880 0.9295 0.0325 0.0380
010890 0.9295 0.0325 0.0380
010900 0.9295 0.0325 0.0380
010910 0.9295 0.0325 0.0380
010920 0.9295 0.0325 0.0380
010930 0.9295 0.0325 0.0380
010940 0.9295 0.0325 0.0380
010950 0.9295 0.0325 0.0380
010960 0.9295 0.0325 0.0380
010970 0.9295 0.0325 0.0380
010980 0.9295 0.0325 0.0380
010990 0.9295 0.0325 0.0380
011000 0.9295 0.0325 0.0380
011010 0.9295 0.0325 0.0380
011020 0.9295 0.0325 0.0380
011030 0.9295 0.0325 0.0380
011040 0.9295 0.0325 0.0380
011050 0.9295 0.0325 0.0380
011060 0.9295 0.0325 0.0380
011070 0.9295 0.0325 0.0380
011080 0.9295 0.0325 0.0380
011090 0.9295 0.0325 0.0380
011100 0.9295 0.0325 0.0380
011110 0.9295 0.0325 0.0380
011120 0.9295 0.0325 0.0380
011130 0.9295 0.0325 0.0380
011140 0.9295 0.0325 0.0380
011150 0.9295 0.0325 0.0380
011160 0.9295 0.0325 0.0380
011170 0.9295 0.0325 0.0380
011180 0.9295 0.0325 0.0380
011190 0.9295 0.0325 0.0380
011200 0.9295 0.0325 0.0380
011210 0.9295 0.0325 0.0380
011220 0.9295 0.0325 0.0380
011230 0.9295 0.0325 0.0380
011240 0.9295 0.0325 0.0380
011250 0.9295 0.0325 0.0380
011260 0.9295 0.0325 0.0380
011270 0.9295 0.0325 0.0380
011280 0.9295 0.0325 0.0380
011290 0.9295 0.0325 0.0380
011300 0.9295 0.0325 0.0380
011310 0.9295 0.0325 0.0380
011320 0.9295 0.0325 0.0380
011330 0.9295 0.0325 0.0380
011340 0.9295 0.0325 0.0380
011350 0.9295 0.0325 0.0380
011360 0.9295 0.0325 0.0380
011370 0.9295 0.0325 0.0380
011380 0.9295 0.0325 0.0380
011390 0.9295 0.0325 0.0380
011400 0.9295 0.0325 0.0380
011410 0.9295 0.0325 0.0380
011420 0.9295 0.0325 0.0380
011430 0.9295 0.0325 0.0380
011440 0.9295 0.0325 0.0380
011450 0.9295 0.0325 0.0380
011460 0.9295 0.0325 0.0380
011470 0.9295 0.0325 0.0380
011480 0.9295 0.0325 0.0380
011490 0.9295 0.0325 0.0380
011500 0.9295 0.0325 0.0380
011510 0.9295 0.0325 0.0380
011520 0.9295 0.0325 0.0380
011530 0.9295 0.0325 0.0380
011540 0.9295 0.0325 0.0380
011550 0.9295 0.0325 0.0380
011560 0.9295 0.0325 0.0380
011570 0.9295 0.0325 0.0380
011580 0.9295 0.0325 0.0380
011590 0.9295 0.0325 0.0380
011600 0.9295 0.0325 0.0380
011610 0.9295 0.0325 0.0380
011620 0.9295 0.0325 0.0380
011630 0.9295 0.0325 0.0380
011640 0.9295 0.0325 0.0380
011650 0.9295 0.0325 0.0380
011660 0.9295 0.0325 0.0380
011670 0.9295 0.0325 0.0380
011680 0.9295 0.0325 0.0380
011690 0.9295 0.0325 0.0380
011700 0.9295 0.0325 0.0380
011710 0.9295 0.0325 0.0380
011720 0.9295 0.0325 0.0380
011730 0.9295 0.0325 0.0380
011740 0.9295 0.0325 0.0380
011750 0.9295 0.0325 0.0380
011760 0.9295 0.0325 0.0380
011770 0.9295 0.0325 0.0380
011780 0.9295 0.0325 0.0380
011790 0.9295 0.0325 0.0380
011800 0.9295 0.0325 0.0380
011810 0.9295 0.0325 0.0380
011820 0.9295 0.0325 0.0380
011830 0.9295 0.0325 0.0380
011840 0.9295 0.0325 0.0380
011850 0.9295 0.0325 0.0380
011860 0.9295 0.0325 0.0380
011870 0.9295 0.0325 0.0380
011880 0.9295 0.0325 0.0380
011890 0.9295 0.0325 0.0380
011900 0.9295 0.0325 0.0380
011910 0.9295 0.0325 0.0380
011920 0.9295 0.0325 0.0380
011930 0.9295 0.0325 0.0380
011940 0.9295 0.0325 0.0380
011950 0.9295 0.0325 0.0380
011960 0.9295 0.0325 0.0380
011970 0.9295 0.0325 0.0380
011980 0.9295 0.0325 0.0380
011990 0.9295 0.0325 0.0380
012000 0.9295 0.0325 0.0380
012010 0.9295 0.0325 0.0380
012020 0.9295 0.0325 0.0380
012030 0.9295 0.0325 0.0380
012040 0.9295 0.0325 0.0380
012050 0.9295 0.0325 0.0380
012060 0.9295 0.0325 0.0380
012070 0.9295 0.0325 0.0380
012080 0.9295 0.0325 0.0380
012090 0.9295 0.0325 0.0380
012100 0.9295 0.0325 0.0380
012110 0.9295 0.0325 0.0380
012120 0.9295 0.0325 0.0380
012130 0.9295 0.0325 0.0380
012140 0.9295 0.0325 0.0380
012150 0.9295 0.0325 0.0380
012160 0.9295 0.0325 0.0380
012170 0.9295 0.0325 0.0380
012180 0.9295 0.0325 0.0380
012190 0.9295 0.0325 0.0380
012200 0.9295 0.0325 0.0380
012210 0.9295 0.0325 0.0380
012220 0.9295 0.0325 0.0380
012230 0.9295 0.0325 0.0380
012240 0.9295 0.0325 0.0380
012250 0.9295 0.0325 0.0380
012260 0.9295 0.0325 0.0380
012270 0.9295 0.0325 0.0380
012280 0.9295 0.0325 0.0380
012290 0.9295 0.0325 0.0380
012300 0.9295 0.0325 0.0380
012310 0.9295 0.0325 0.0380
012320 0.9295 0.0325 0.0380
012330 0.9295 0.0325 0.0380
012340 0.9295 0.0325 0.0380
012350 0.9295 0.0325 0.0380
012360 0.9295 0.0325 0.0380
012370 0.9295 0.0325 0.0380
012380 0.9295 0.0325 0.0380
012390 0.9295 0.0325 0.0380
012400 0.9295 0.0325 0.0380
012410 0.9295 0.0325 0.0380
012420 0.9295 0.0325 0.0380
012430 0.9295 0.0325 0.0380
012440 0.9295 0.0325 0.0380
012450 0.9295 0.0325 0.0380
012460 0.9295 0.0325 0.0380
012470 0.9295 0.0325 0.0380
012480 0.9295 0.0325 0.0380
012490 0.9295 0.0325 0.0380
012500 0.9295 0.0325 0.0380
012510 0.9295 0.0325 0.0380
012520 0.9295 0.0325 0.0380
012530 0.9295 0.0325 0.0380
012540 0.9295 0.0325 0.0380
012550 0.9295 0.0325 0.0380
012560 0.9295 0.0325 0.0380
012570 0.9295 0.0325 0.0380
012580 0.9295 0.0325 0.0380
012590 0.9295 0.0325 0.0380
012600 0.9295 0.0325 0.0380
012610 0.9295 0.0325 0.0380
012620 0.9295 0.0325 0.0380
012630 0.9295 0.0325 0.0380
012640 0.9295 0.0325 0.0380
012650 0.9295 0.0325 0.0380
012660 0.9295 0.0325 0.0380
012670 0.9295 0.0325 0.0380
012680 0.9295 0.0325 0.0380
012690 0.9295 0.0325 0.0380
012700 0.9295 0.0325 0.0380
012710 0.9295 0.0325 0.0380
012720 0.9295 0.0325 0.0380
012730 0.9295 0.0325 0.0380
012740 0.9295 0.0325 0.0380
012750 0.9295 0.0325 0.0380
012760 0.9295 0.0325 0.0380
012770 0.9295 0.0325 0.0380
012780 0.9295 0.0325 0.0380
012790 0.9295 0.0325 0.0380
012800 0.9295 0.0325 0.0380
012810 0.9295 0.0325 0.0380
012820 0.9295 0.0325 0.0380
012830 0.9295 0.0325 0.0380
012840 0.9295 0.0325 0.0380
012850 0.9295 0.0325 0.0380
012860 0.9295 0.0325 0.0380
012870 0.9295 0.0325 0.0380
012880 0.9295 0.0325 0.0380
012890 0.9295 0.0325 0.0380
012900 0.9295 0.0325 0.0380
012910 0.9295 0.0325 0.0380
012920 0.9295 0.0325 0.0380
012930 0.9295 0.0325 0.0380
012940 0.9295 0.0325 0.0380
012950 0.9295 0.0325 0.0380
012960 0.9295 0.0325 0.0380
012970 0.9295 0.0325 0.0380
012980 0.9295 0.0325 0.0380
012990 0.9295 0.0325 0.0380
013000 0.9295 0.0325 0.0380
013010 0.9295 0.0325 0.0380
013020 0.9295 0.0325 0.0380
013030 0.9295 0.0325 0.0380
013040 0.9295 0.0325 0.0380
013050 0.9295 0.0325 0.0380
013060 0.9295 0.0325 0.0380
013070 0.9295 0.0325 0.0380
013080 0.9295 0.0325 0.0380
013090 0.9295 0.0325 0.0380
013100 0.9295 0.0325 0.0380
013110 0.9295 0.0325 0.0380
013120 0.9295 0.0325 0.0380
013130 0.9295 0.0325 0.0380
013140 0.9295 0.0325 0.0380
013150 0.9295 0.0325 0.0380
013160 0.9295 0.0325 0.0380
013170 0.9295 0.0325 0.0380
013180 0.9295 0.0325 0.0380
013190 0.9295 0.0325 0.0380
013200 0.9295 0.0325 0.0380
013210 0.9295 0.0325 0.0380
013220 0.9295 0.0325 0.0380
013230 0.9295 0.0325 0.0380
013240 0.9295 0.0325 0.0380
013250 0.9295 0.0325 0.0380
013260 0.9295 0.0325 0.0380
013270 0.9295 0.0325 0.0380
013280 0.9295 0.0325 0.0380
013290 0.9295 0.0325 0.0380
013300 0.9295 0.0325 0.0380
013310 0.9295 0.0325 0.0380
013320 0.9295 0.0325 0.0380
013330 0.9295 0.0325 0.0380
013340 0.9295 0.0325 0.0380
013350 0.9295 0.0325 0.0380
013360 0.9295 0.0325 0.0380
013370 0.9295 0.0325 0.0380
013380 0.9295 0.0325 0.0380
013390 0.9295 0.0325 0.0380
013400 0.9295 0.0325 0.0380
013410 0.9295 0.0325 0.0380
013420 0.9295 0.0325 0.0380
013430 0.9295 0.0325 0.0380
013440 0.9295 0.0325 0.0380
013450 0.9295 0.0325 0.0380
013460 0.9295 0.0325 0.0380
013470 0.9295 0.0325 0.0380
013480 0.9295 0.0325 0.0380
013490 0.9295 0.0325 0.0380
013500 0.9295 0.0325 0.0380
013510 0.9295 0.0325 0.0380
013520 0.9295 0.0325 0.0380
013530 0.9295 0.0325 0.0380
013540 0.9295 0.0325 0.0380
013550 0.9295 0.0325 0.0380
013560 0.9295 0.0325 0.0380
013570 0.9295 0.0325 0.0380
013580 0.9295 0.0325 0.0380
013590 0.9295 0.0325 0.0380
013600 0.9295 0.0325 0.0380
013610 0.9295 0.0325 0.0380
013620 0.9295 0.0325 0.0380
013630 0.9295 0.0325 0.0380
013640 0.9295 0.0325 0.0380
013650 0.9295 0.0325 0.0380
013660 0.9295 0.0325 0.0380
013670 0.9295 0.0325 0.0380
013680 0.9295 0.0325 0.0380
013690 0.9295 0.0325 0.0380
013700 0.9295 0.0325 0.0380
013710 0.9295 0.0325 0.0380
013720 0.9295 0.0325 0.0380
013730 0.9295 0.0325 0.0380
013740 0.9295 0.0325 0.0380
013750 0.9295 0.0325 0.0380
013760 0.9295 0.0325 0.0380
013770 0.9295 0.0325 0.0380
013780 0.9295 0.0325 0.0380
013790 0.9295 0.0325 0.0380
013800 0.9295 0.0325 0.0380
013810 0.9295 0.0325 0.0380
013820 0.9295 0.0325 0.0380
013830 0.9295 0.0325 0.0380
013840 0.9295 0.0325 0.0380
013850 0.9295 0.0325 0.0380
013860 0.9295 0.0325 0.0380
013870 0.9295 0.0325 0.0380
013880 0.9295 0.0325 0.0380
013890 0.9295 0.0325 0.0380
013900 0.9295 0.0325 0.0380
013910 0.9295 0.0325 0.0380
013920 0.9295 0.0325 0.0380
013930 0.9295 0.0325 0.0380
013940 0.9295 0.0325 0.0380
013950 0.9295 0.0325 0.0380
013960 0.9295 0.0325 0.0380
013970 0.9295 0.0325 0.0380
013980 0.9295 0.0325 0.0380
013990 0.9295 0.0325 0.0380
014000 0.9295 0.0325 0.0380
014010 0.9295 0.0325 0.0380
014020 0.9295 0.0325 0.0380
014030 0.9295 0.0325 0.0380
014040 0.9295 0.0325 0.0380
014050 0.9295 0.0325 0.0380
014060 0.9295 0.0325 0.0380
014070 0.9295 0.0325 0.0380
014080 0.9295 0.0325 0.0380
014090 0.9295 0.0325 0.0380
014100 0.9295 0.0325 0.0380
014110 0.9295 0.0325 0.0380
014120 0.9295 0.0325 0.0380
014130 0.9295 0.0325 0.0380
014140 0.9295 0.0325 0.0380
014150 0.9295 0.0325 0.0380
014160 0.9295 0.0325 0.0380
014170 0.9295 0.0325 0.0380
014180 0.9295 0.0325 0.0380
014190 0.9295 0.0325 0.0380
014200 0.9295 0.0325 0.0380
014210 0.9295 0.0325 0.0380
014220 0.9295 0.0325 0.0380
014230 0.9295 0.0325 0.0380
014240 0.9295 0.0325 0.0380
014250 0.9295 0.0325 0.0380
014260 0.9295 0.0325 0.0380
014270 0.9295 0.0325 0.0380
014280 0.9295 0.0325 0.0380
014290 0.9295 0.0325 0.0380
014300 0.9295 0.0325 0.0380
014310 0.9295 0.0325 0.0380
014320 0.9295 0.0325 0.0380
014330 0.9295 0.0325 0.0380
014340 0.9295 0.0325 0.0380
014350 0.9295 0.0325 0.0380
014360 0.9295 0.0325 0.0380
014370 0.9295 0.0325 0.0380
014380 0.9295 0.0325 0.0380
014390 0.9295 0.0325 0.0380
014400 0.9295 0.0325 0.0380
014410 0.9295 0.0325 0.0380
014420 0.9295 0.0325 0.0380
014430 0.9295 0.0325 0.0380
014440 0.9295 0.0325 0.0380
014450 0.9295 0.0325 0.0380
014460 0.9295 0.0325 0.0380
014470 0.9295 0.0325 0.0380
014480 0.9295 0.0325 0.0380
014490 0.9295 0.0325 0.0380
014500 0.9295 0.0325 0.0380
014510 0.9295 0.0325 0.0380
014520 0.9295 0.0325 0.0380
014530 0.9295 0.0325 0.0380
014540 0.9295 0.0325 0.0380
014550 0.9295 0.0325 0.0380
014560 0.9295 0.0325 0.0380
014570 0.9295 0.0325 0.0380
014580 0.9295 0.0325 0.0380
014590 0.9295 0.0325 0.0380
014600 0.9295 0.0325 0.0380
014610 0.9295 0.0325 0.0380
014620 0.9295 0.0325 0.0380
014630 0.9295 0.0325 0.0380
014640 0.9295 0.0325 0.0380
014650 0.9295 0.0325 0.0380
014660 0.9295 0.0325 0.0380
014670 0.9295 0.0325 0.0380
014680 0.9295 0.0325 0.0380
014690 0.9295 0.0325 0.0380
014700 0.9295 0.0325 0.0380
014710 0.9295 0.0325 0.0380
014720 0.9295 0.0325 0.0380
014730 0.9295 0.0325 0.0380
014740 0.9295 0.0325 0.0380
014750 0.9295 0.0325 0.0380
014760 0.9295 0.0325 0.0380
014770 0.9295 0.0325 0.0380
014780 0.9295 0.0325 0.0380
014790 0.9295 0.0325 0.0380
014800 0.9295 0.0325 0.0380
014810 0.9295 0.0325 0.0380
014820 0.9295 0.0325 0.0380
014830 0.9295 0.0325 0.0380
014840 0.9295 0.0325 0.0380
014850 0.9295 0.0325 0.0380
014860 0.9295 0.0325 0.0380
014870 0.9295 0.0325 0.0380
014880 0.9295 0.0325 0.0380
014890 0.9295 0.0325 0.0380
014900 0.9295 0.0325 0.0380
014910 0.9295 0.0325 0.0380
014920 0.9295 0.0325 0.0380
014930 0.9295 0.0325 0.0380
014940 0.9295 0.0325 0.0380
014950 0.9295 0.0325 0.0380
014960 0.9295 0.0325 0.0380
014970 0.9295 0.0325 0.0380
014980 0.9295 0.0325 0.0380
014990 0.9295 0.0325 0.0380
015000 0.9295 0.0325 0.0380
015010 0.9295 0.0325 0.0380
015020 0.9295 0.0325 0.0380
015030 0.9295 0.0325 0.0380
015040 0.9295 0.0325 0.0380
015050 0.9295 0.0325 0.0380
015060 0.9295 0.0325 0.0380
015070 0.9295 0.0325 0.0380
015080 0.9295 0.0325 0.0380
015090 0.9295 0.0325 0.0380
015100 0.9295 0.0325 0.0380
015110 0.9295 0.0325 0.0380
015120 0.9295 0.0325 0.0380
015130 0.9295 0.0325 0.0380
015140 0.9295 0.0325 0.0380
015150 0.9295 0.0325 0.0380
015160 0.9295 0.0325 0.0380
015170 0.9295 0.0325 0.0380
015180 0.9295 0.0325 0.0380
015190 0.9295 0.0325 0.0380
015200 0.9295 0.0325 0.0380
015210 0.9295 0.0325 0.0380
015220 0.9295 0.0325 0.0380
015230 0.9295 0.0325 0.0380
015240 0.9295 0.0325 0.0380
015250 0.9295 0.0325 0.0380
015260 0.9295 0.0325 0.0380
015270 0.9295 0.0325 0.0380
015280 0.9295 0.0325 0.0380
015290 0.9295 0.0325 0.0380
015300 0.9295 0.0325 0.0380
015310 0.9295 0.0325 0.0380
015320 0.9295 0.0325 0.0380
015330 0.9295 0.0325 0.0380
015340 0.9295 0.0325 0.0380
015350 0.9295 0.0325 0.0380
015360 0.9295 0.0325 0.0380
015370 0.9295 0.0325 0.0380
015380 0.9295 0.0325 0.0380
015390 0.9295 0.0325 0.0380
015400 0.9295 0.0325 0.0380
015410 0.9295 0.0325 0.0380
015420 0.9295 0.0325 0.0380
015430 0.9295 0.0325 0.0380
015440 0.9295 0.0325 0.0380
015450 0.9295 0.0325 0.0380
015460 0.9295 0.0325 0.0380
015470 0.9295 0.0325 0.0380
015480 0.9295 0.0325 0.0380
015490 0.9295 0.0325 0.0380
015500 0.9295 0.0325 0.0380
015510 0.9295 0.0325 0.0380
015520 0.9295 0.0325 0.0380
015530 0.9295 0.0325 0.0380
015540 0.9295 0.0325 0.0380
015550 0.9295 0.0325 0.0380
015560 0.9295 0.0325 0.0380
015570 0.9295 0.0325 0.0380
015580 0.9295 0.0325 0.0380
015590 0.9295 0.0325 0.0380
015600 0.9295 0.0325 0.0380
015610 0.9295 0.0325 0.0380
015620 0.9295 0.0325 0.0380
015630 0.9295 0.0325 0.0380
015640 0.9295 0.0325 0.0380
015650 0.9295 0.0325 0.0380
015660 0.9295 0.0325 0.0380
015670 0.9295 0.0325 0.0380
015680 0.9295 0.0325 0.0380
015690 0.9295 0.0325 0.0380
015700 0.9295 0.0325 0.0380
015710 0.9295 0.0325 0.0380
015720 0.9295 0.0325 0.0380
015730 0.9295 0.0325 0.0380
015740 0.9295 0.0325 0.0380
015750 0.9295 0.0325 0.0380
015760 0.9295 0.0325 0.0380
015770 0.9295 0.0325 0.0380
015780 0.9295 0.0325 0.0380
015790 0.9295 0.0325 0.0380
015800 0.9295 0.0325 0.0380
015810 0.9295 0.0325 0.0380
015820 0.9295 0.0325 0.0380
015830 0.9295 0.0325 0.0380
015840 0.9295 0.0325 0.0380
015850 0.9295 0.0325 0.0380
015860 0.9295 0.0325 0.0380
015870 0.9295 0.0325 0.0380
015880 0.9295 0.0325 0.0380
015890 0.9295 0.0325 0.0380
015900 0.9295 0.0325 0.0380
015910 0.9295 0.0325 0.0380
015920 0.9295 0.0325 0.0380
015930 0.9295 0.0325 0.0380
015940 0.9295 0.0325 0.0380
015950 0.9295 0.0325 0.0380
015960 0.9295 0.0325 0.0380
015970 0.9295 0.0325 0.0380
015980 0.9295 0.0325 0.0380
015990 0.9295 0.0325 0.0380
016000 0.9295 0.0325 0.0380
016010 0.9295 0.0325 0.0380
016020 0.9295 0.0325 0.0380
016030 0.9295 0.0325 0.0380
016040 0.9295 0.0325 0.0380
016050 0.9295 0.0325 0.0380
016060 0.9295 0.0325 0.0380
016070 0.9295 0.0325 0.0380
016080 0.9295 0.0325 0.0380
016090 0.9295 0.0325 0.0380
016100 0.9295 0.0325 0.0380
016110 0.9295 0.0325 0.0380
016120 0.9295 0.0325 0.0380
016130 0.9295 0.0325 0.0380
016140 0.9295 0.0325 0.0380
016150 0.9295 0.0325 0.0380
016160 0.9295 0.0325 0.0380
016170 0.9295 0.0325 0.0380
016180 0.9295 0.0325 0.0380
016190 0.9295 0.0325 0.0380
016200 0.9295 0.0325 0.0380
016210 0.9295 0.0325 0.0380
016220 0.9295 0.0325 0.0380
016230 0.9295 0.0325 0.0380
016240 0.9295 0.0325 0.0380
016250 0.9295 0.0325 0.0380
016260 0.9295 0.0325 0.0380
016270 0.9295 0.0325 0.0380
016280 0.9295 0.0325 0.0380
016290 0.9295 0.0325 0.0380
016300 0.9295 0.0325 0.0380
016310 0.9295 0.0325 0.0380
016320 0.9295 0.0325 0.0380
016330 0.9295 0.0325 0.0380
016340 0.9295 0.0325 0.0380
016350 0.9295 0.0325 0.0380
016360 0.9295 0.0325 0.0380
016370 0.9295 0.0325 0.0380
016380 0.9295 0.0325 0.0380
016390 0.9295 0.0325 0.0380
016400 0.9295 0.0325 0.0380
016410 0.9295 0.0325 0.0380
016420 0.9295 0.0325 0.0380
016430 0.9295 0.0325 0.0380
016440 0.9295 0.0325 0.0380
016450 0.9295 0.0325 0.0380
016460 0.9295 0.0325 0.0380
016470 0.9295 0.0325 0.0380
016480 0.9295 0.0325 0.0380
016490 0.9295 0.0325 0.0380
016500 0.9295 0.0325 0.0380
016510 0.9295 0.0325 0.0380
016520 0.9295 0.0325 0.0380
016530 0.9295 0.0325 0.0380
016540 0.9295 0.0325 0.0380
016550 0.9295 0.0325 0.0380
016560 0.9295 0.0325 0.0380
016570 0.9295 0.0325 0.0380
016580 0.9295 0.0325 0.0380
016590 0.9295 0.0325 0.0380
016600 0.9295 0.0325 0.0380
016610 0.9295 0.0325 0.0380
016620 0.9295 0.0325 0.0380
016630 0.9295 0.0325 0.0380
016640 0.9295 0.0325 0.0380
016650 0.9295 0.0325 0.0380
016660 0.9295 0.0325 0.0380
016670 0.9295 0.0325 0.0380
016680 0.9295 0.0325 0.0380
016690 0.9295 0.0325 0.0380
016700 0.9295 0.0325 0.0380
016710 0.9295 0.0325 0.0380
016720 0.9295 0.0325 0.0380
016730 0.9295 0.0325 0.0380
016740 0.9295 0.0325 0.0380
016750 0.9295 0.0325 0.0380
016760 0.9295 0.0325 0.0380
016770 0.9295 0.0325 0.0380
016780 0.9295 0.0325 0.0380
016790 0.9295 0.0325 0.0380
016800 0.9295 0.0325 0.0380
016810 0.9295 0.0325 0.0380
016820 0.9295 0.0325 0.0380
016830 0.9295 0.0325 0.0380
016840 0.9295 0.0325 0.0380
016850 0.9295 0.0325 0.0380
016860 0.9295 0.0325 0.0380
016870 0.9295 0.0325 0.0380
016880 0.9295 0.0325 0.0380
016890 0.9295 0.0325 0.0380
016900 0.9295 0.0325 0.0380
016910 0.9295 0.0325 0.0380
016920 0.9295 0.0325 0.0380
016930 0.9295 0.0325 0.0380
016940 0.9295 0.0325 0.0380
016950 0.9295 0.0325 0.0380
016960 0.9295 0.0325 0.0380
016970 0.9295 0.0325 0.0380
016980 0.9295 0.0325 0.0380
016990 0.9295 0.0325 0.0380
017000 0.9295 0.0325 0.0380
017010 0.9295 0.0325 0.0380
017020 0.9295 0.0325 0.0380
017030 0.9295 0.0325 0.0380
017040 0.9295 0.0325 0.0380
017050 0.9295 0.0325 0.0380
017060 0.9295 0.0325 0.0380
017070 0.9295 0.0325 0.0380
017080 0.9295 0.0325 0.0380
017090 0.9295 0.0325 0.0380
017100 0.9295 0.0325 0.0380
017110 0.9295 0.0325 0.0380
017120 0.9295 0.0325 0.0380
017130 0.9295 0.0325 0.0380
017140 0.9295 0.0325 0.0380
017150 0.9295 0.0325 0.0380
017160 0.9295 0.0325 0.0380
017170 0.9295 0.0325 0.0380
017180 0.9295 0.0325 0.0380
017190 0.9295 0.0325 0.0380
017200 0.9295 0.0325 0.0380
017210 0.9295 0.0325 0.0380
017220 0.9295 0.0325 0.0380
017230 0.9295 0.0325 0.0380
017240 0.9295 0.0325 0.0380
017250 0.9295 0.0325 0.0380
017260 0.9295 0.0325 0.0380
017270 0.9295 0.0325 0.0380
017280 0.9295 0.0325 0.0380
017290 0.9295 0.0325 0.0380
017300 0.9295 0.0325 0.0380
017310 0.9295 0.0325 0.0380
017320 0.9295 0.0325 0.0380
017330 0.9295 0.0325 0.0380
017340 0.9295 0.0325 0.0380
017350 0.9295 0.0325 0.0380
017360 0.9295 0.0325 0.0380
017370 0.9295 0.0325 0.0380
017380 0.9295 0.0325 0.0380
017390 0.9295 0.0325 0.0380
017400 0.9295 0.0325 0.0380
017410 0.9295 0.0325 0.0380
017420 0.9295 0.0325 0.0380
017430 0.9295 0.0325 0.0380
017440 0.9295 0.0325 0.0380
017450 0.9295 0.0325 0.0380
017460 0.9295 0.0325 0.0380
017470 0.9295 0.0325 0.0380
017480 0.9295 0.0325 0.0380
017490 0.9295 0.0325 0.0380
017500 0.9295 0.0325 0.0380
017510 0.9295 0.0325 0.0380
017520 0.9295 0.0325 0.0380
017530 0.9295 0.0325 0.0380
017540 0.9295 0.0325 0.0380
017550 0.9295 0.0325 0.0380
017560 0.9295 0.0325 0.0380
017570 0.9295 0.0325 0.0380
017580 0.9295 0.0325 0.0380
017590 0.9295 0.0325 0.0380
017600 0.9295 0.0325 0.0380
017610 0.9295 0.0325 0.0380
017620 0.9295 0.0325 0.0380
017630 0.9295 0.0325 0.0380
017640 0.9295 0.0325 0.0380
017650 0.9295 0.0325 0.0380
017660 0.9295 0.0325 0.0380
017670 0.9295 0.0325 0.0380
017680 0.9295 0.0325 0.0380
017690 0.9295 0.0325 0.0380
017700 0.9295 0.0325 0.0380
017710 0.9295 0.0325 0.0380
017720 0.9295 0.0325 0.0380
017730 0.9295 0.0325 0.0380
017740 0.9295 0.0325 0.0380
017750 0.9295 0.0325 0.0380
017760 0.9295 0.0325 0.0380
017770 0.9295 0.0325 0.0380
017780 0.9295 0.0325 0.0380
017790 0.9295 0.0325 0.0380
017800 0.9295 0.0325 0.0380
017810 0.9295 0.0325 0.0380
017820 0.9295 0.0325 0.0380
017830 0.9295 0.0325 0.0380
017840 0.9295 0.0325 0.0380
017850 0.9295 0.0325 0.0380
017860 0.9295 0.0325 0.0380
017870 0.9295 0.0325 0.0380
017880 0.9295 0.0325 0.0380
017890 0.9295 0.0325 0.0380
017900 0.9295 0.0325 0.0380
017910 0.9295 0.0325 0.0380
017920 0.9295 0.0325 0.0380
017930 0.9295 0.0325 0.0380
017940 0.9295 0.0325 0.0380
017950 0.9295 0.0325 0.0380
017960 0.9295 0.0325 0.0380
017970 0.9295 0.0325 0.0380
017980 0.9295 0.0325 0.0380
017990 0.9295 0.0325 0.0380
018000 0.9295 0.0325 0.0380
018010 0.9295 0.0325 0.0380
018020 0.9295 0.0325 0.0380
018030 0.9295 0.0325 0.0380
018040 0.9295 0.0325 0.0380
018050 0.9295 0.0325 0.0380
018060 0.9295 0.0325 0.0380
018070 0.9295 0.0325 0.0380
018080 0.9295 0.0325 0.0380
018090 0.9295 0.0325 0.0380
018100 0.9295 0.0325 0.0380
018110 0.9295 0.0325 0.0380
018120 0.9295 0.0325 0.0380
018130 0.9295 0.0325 0.0380
018140 0.9295 0.0325 0.0380
018150 0.9295 0.0325 0.0380
018160 0.9295 0.0325 0.0380
018170 0.9295 0.0325 0.0380
018180 0.9295 0.0325 0.0380
018190 0.9295 0.0325 0.0380
018200 0.9295 0.0325 0.0380
018210 0.9295 0.0325 0.0380
018220 0.9295 0.0325 0.0380
018230 0.9295 0.0325 0.0380
018240 0.9295 0.0325 0.0380
018250 0.9295 0.0325 0.0380
018260 0.9295 0.0325 0.0380
018270 0.9295 0.0325 0.0380
018280 0.9295 0.0325 0.0380
018290 0.9295 0.0325 0.0380
018300 0.9295 0.0325 0.0380
018310 0.9295 0.0325 0.0380
018320 0.9295 0.0325 0.0380
018330 0.9295 0.0325 0.0380
018340 0.9295 0.0325 0.0380
018350 0.9295 0.0325 0.0380
018360 0.9295 0.0325 0.0380
018370 0.9295 0.0325 0.0380
018380 0.9295 0.0325 0.0380
018390 0.9295 0.0325 0.0380
018400 0.9295 0.0325 0.0380
018410 0.9295 0.0325 0.0380
018420 0.9295 0.0325 0.0380
018430 0.9295 0.0325 0.0380
018440 0.9295 0.0325 0.0380
018450 0.9295 0.0325 0.0380
018460 0.9295 0.0325 0.0380
018470 0.9295 0.0325 0.0380
018480 0.9295 0.0325 0.0380
018490 0.9295 0.0325 0.0380
018500 0.9295 0.0325 0.0380
018510 0.9295 0.0325 0.0380
018520 0.9295 0.0325 0.0380
018530 0.9295 0.0325 0.0380
018540 0.9295 0.0325 0.0380
018550 0.9295 0.0325 0.0380
018560 0.9295 0.0325 0.0380
018570 0.9295 0.0325 0.0380
018580 0.9295 0.0325 0.0380
018590 0.9295 0.0325 0.0380
018600 0.9295 0.0325 0.0380
018610 0.9295 0.0325 0.0380
018620 0.9295 0.0325 0.0380
018630 0.9295 0.0325 0.0380
018640 0.9295 0.0325 0.0380
018650 0.9295 0.0325 0.0380
018660 0.9295 0.0325 0.0380
018670 0.9295 0.0325 0.0380
018680 0.9295 0.0325 0.0380
018690 0.9295 0.0325 0.0380
018700 0.9295 0.0325 0.0380
018710 0.9295 0.0325 0.0380
018720 0.9295 0.0325 0.0380
018730 0.9295 0.0325 0.0380
018740 0.9295 0.0325 0.0380
018750 0.9295 0.0325 0.0380
018760 0.9295 0.0325 0.0380
018770 0.9295 0.0325 0.0380
018780 0.9295 0.0325 0.0380
018790 0.9295 0.0325 0.0380
018800 0.9295 0.0325 0.0380
018810 0.9295 0.0325 0.0380
018820 0.9295 0.0325 0.0380
018830 0.9295 0.0325 0.0380
018840 0.9295 0.0325 0.0380
018850 0.9295 0.0325 0.0380
018860 0.9295 0.0325 0.0380
018870 0.9295 0.0325 0.0380
018880 0.9295 0.0325 0.0380
018890 0.9295 0.0325 0.0380
018900 0.9295 0.0325 0.0380
018910 0.9295 0.0325 0.0380
018920 0.9295 0.0325 0.0380
018930 0.9295 0.0325 0.0380
018940 0.9295 0.0325 0.0380
018950 0.9295 0.0325 0.0380
018960 0.9295 0.0325 0.0380
018970 0.9295 0.0325 0.0380
018980 0.9295 0.0325 0.0380
018990 0.9295 0.0325 0.0380
019000 0.9295 0.0325 0.0380
019010 0.9295 0.0325 0.0380
019020 0.9295 0.0325 0.0380
019030 0.9295 0.0325 0.0380
019040 0.9295 0.0325 0.0380
019050 0.9295 0.0325 0.0380
019060 0.9295 0.0325 0.0380
019070 0.9295 0.0325 0.0380
019080 0.9295 0.0325 0.0380
019090 0.9295 0.0325 0.0380
019100 0.9295 0.0325 0.0380
019110 0.9295 0.0325 0.0380
019120 0.9295 0.0325 0.0380
019130 0.9295 0.0325 0.0380
019140 0.9295 0.0325 0.0380
019150 0.9295 0.0325 0.0380
019160 0.9295 0.0325 0.0380
019170 0.9295 0.0325 0.0380
019180 0.9295 0.0325 0.0380
019190 0.9295 0.0325 0.0380
019200 0.9295 0.0325 0.0380
019210 0.9295 0.0325 0.0380
019220 0.9295 0.0325 0.0380
019230 0.9295 0.0325 0.0380
019240 0.9295 0.0325 0.0380
019250 0.9295 0.0325 0.0380
019260 0.9295 0.0325 0.0380
019270 0.9295 0.0325 0.0380
019280 0.9295 0.0325 0.0380
019290 0.9295 0.0325 0.0380
019300 0.9295 0.0325 0.0380
019310 0.9295 0.0325 0.0380
019320 0.9295 0.0325 0.0380
019330 0.9295 0.0325 0.0380
019340 0.9295 0.0325 0.0380
019350 0.9295 0.0325 0.0380
019360 0.9295 0.0325 0.0380
019370 0.9295 0.0325 0.0380
019380 0.9295 0.0325 0.0380
019390 0.9295 0.0325 0.0380
019400 0.9295 0.0325 0.0380
019410 0.9295 0.0325 0.0380
019420 0.9295 0.0325 0.0380
019430 0.9295 0.0325 0.0380
019440 0.9295 0.0325 0.0380
019450 0.9295 0.0325 0.0380
019460 0.9295 0.0325 0.0380
019470 0.9295 0.0325 0.0380
019480 0.9295 0.0325 0.0380
019490 0.9295 0.0325 0.0380
019500 0.9295 0.0325 0.0380
019510 0.9295 0.0325 0.0380
019520 0.9295 0.0325 0.0380
019530 0.9295 0.0325 0.0380
019540 0.9295 0.0325 0.0380
019550 0.9295 0.0325 0.0380
019560 0.9295 0.0325 0.0380
019570 0.9295 0.0325 0.0380
019580 0.9295 0.0325 0.0380
019590 0.9295 0.0325 0.0380
019600 0.9295 0.0325 0.0380
019610 0.9295 0.0325 0.0380
019620 0.9295 0.0325 0.0380
019630 0.9295 0.0325 0.0380
019640 0.9295 0.0325 0.0380
019650 0.9295 0.0325 0.0380
019660 0.9295 0.0325 0.0380
019670 0.9295 0.0325 0.0380
019680 0.9295 0.0325 0.0380
019690 0.9295 0.0325 0.0380
019700 0.9295 0.0325 0.0380
019710 0.9295 0.0325 0.0380
019720 0.9295 0.0325 0.0380
019730 0.9295 0.0325 0.0380
019740 0.9295 0.0325 0.0380
019750 0.9295 0.0325 0.0380
019760 0.9295 0.0325 0.0380
019770 0.9295 0.0325 0.0380
019780 0.9295 0.0325 0.0380
019790 0.9295 0.0325 0.0380
019800 0.9295 0.0325 0.0380
019810 0.9295 0.0325 0.0380
019820 0.9295 0.0325 0.0380
019830 0.9295 0.0325 0.0380
019840 0.9295 0.0325 0.0380
019850 0.9295 0.0325 0.0380
019860 0.9295 0.0325 0.0380
019870 0.9295 0.0325 0.0380
019880 0.9295 0.0325 0.0380
019890 0.9295 0.0325 0.0380
019900 0.9295 0.0325 0.0380
019910 0.9295 0.0325 0.0380
019920 0.9295 0.0325 0.0380
019930 0.9295 0.0325 0.0380
019940 0.9295 0.0325 0.0380
019950 0.9295 0.0325 0.0380
019960 0.9295 0.0325 0.0380
019970 0.9295 0.0325 0.0380
019980 0.9295 0.0325 0.0380
019990 0.9295 0.0325 0.0380
020000 0.9295 0.0325 0.0380
